import numpy as np
import math
import torch
import torch.nn as nn
import torch.nn.functional as F
import socket
import matplotlib.pyplot as plt

body_T_cam0 = np.asarray([ -0.01078808,-0.0053516 ,-0.99992749,-0.0190819,
                          0.99993588,0.0033851 ,-0.01080629,-0.04077015,
                          0.00344269,-0.99997995,0.00531474,0.10690639,
                          0.0, 0.0, 0.0, 1.0]).reshape(4,4)
body_T_cam1 = np.asarray([ -0.01100873,-0.00698409,-0.99991502,-0.02056012,
                           0.99992854,0.00458297,-0.01104089,0.07896433,
                           0.0046597 ,-0.99996511,0.00693315,0.1074445,
                           0.0, 0.0, 0.0, 1.0]).reshape(4,4)

cam0_R = np.asarray([ 9.9999823574256319e-01, -1.0428401771092769e-03,1.5623687548084689e-03,
                      1.0415754557291396e-03, 9.9999912944123859e-01, 8.1008477020992956e-04,
       -1.5632121836199298e-03, -8.0845601606403859e-04,9.9999845138207055e-01]).reshape(3,3)

cam1_R = np.asarray([ 9.9999909366928852e-01, 1.7514586024032356e-04,
       1.3349099329193050e-03, -1.7406549907962720e-04,
       9.9999965729679174e-01, -8.0938711437886907e-04,
       -1.3350512362438334e-03, 8.0915401904277416e-04,
       9.9999878145324272e-01]).reshape(3,3)

print(np.dot(np.linalg.inv(body_T_cam0),body_T_cam1))
print(np.dot(np.linalg.inv(cam0_R),cam1_R))

