9.998263716697692871e-01 -1.832152903079986572e-02 -3.413301426917314529e-03 -3.288142919540405273e+00 1.837387308478355408e-02 9.997034072875976562e-01 1.599068008363246918e-02 1.394591331481933594e-01 3.119315952062606812e-03 -1.605062000453472137e-02 9.998663067817687988e-01 4.928472638130187988e-02
9.991315007209777832e-01 4.167169705033302307e-02 2.758679911494255066e-04 -2.192917346954345703e+00 -4.167263582348823547e-02 9.991053938865661621e-01 7.200740277767181396e-03 3.506697118282318115e-01 2.444908022880554199e-05 -7.205983623862266541e-03 9.999740719795227051e-01 -9.527266025543212891e-03
9.998466968536376953e-01 -1.705683022737503052e-02 3.978524822741746902e-03 -3.228501319885253906e+00 1.707125641405582428e-02 9.998480677604675293e-01 -3.611465916037559509e-03 -1.268431544303894043e-01 -3.916318062692880630e-03 3.678827779367566109e-03 9.999855756759643555e-01 5.975767970085144043e-02
9.994910955429077148e-01 3.168154135346412659e-02 -3.736248239874839783e-03 -2.471414566040039062e+00 -3.165971487760543823e-02 9.994822740554809570e-01 5.762171000242233276e-03 1.092096567153930664e-01 3.916868939995765686e-03 -5.640962161123752594e-03 9.999764561653137207e-01 -4.210826754570007324e-02
9.999903440475463867e-01 -3.492921125143766403e-03 2.728784224018454552e-03 -3.073390245437622070e+00 3.487868467345833778e-03 9.999923706054687500e-01 1.853596419095993042e-03 1.859297752380371094e-01 -2.735238289460539818e-03 -1.843992620706558228e-03 9.999945759773254395e-01 -2.571273595094680786e-03
9.999812245368957520e-01 5.606354214251041412e-03 2.495887223631143570e-03 -2.797453403472900391e+00 -5.607582163065671921e-03 9.999842047691345215e-01 4.875781014561653137e-04 2.794805765151977539e-01 -2.493114443495869637e-03 -5.015647038817405701e-04 9.999967217445373535e-01 5.154609680175781250e-03
9.999924302101135254e-01 -3.739994717761874199e-03 -1.090608071535825729e-03 -2.916771411895751953e+00 3.726650029420852661e-03 9.999219179153442383e-01 -1.192139089107513428e-02 1.690571308135986328e-01 1.135108526796102524e-03 1.191723532974720001e-02 9.999283552169799805e-01 3.625619411468505859e-02
9.996904134750366211e-01 -2.488157711923122406e-02 2.174321562051773071e-04 -2.393077611923217773e+00 2.488206513226032257e-02 9.996865391731262207e-01 -2.670262008905410767e-03 -6.525207310914993286e-02 -1.509245485067367554e-04 2.674971474334597588e-03 9.999963045120239258e-01 1.867229342460632324e-01
9.999074339866638184e-01 1.341814920306205750e-02 -2.183732576668262482e-03 -2.673084735870361328e+00 -1.339093223214149475e-02 9.998378753662109375e-01 1.202271785587072372e-02 2.104705572128295898e-02 2.344695851206779480e-03 -1.199236512184143066e-02 9.999253749847412109e-01 1.045376062393188477e-02
9.999992847442626953e-01 -5.636938149109482765e-04 -1.169356517493724823e-03 -2.753912925720214844e+00 5.552959628403186798e-04 9.999743103981018066e-01 -7.171436212956905365e-03 1.179006695747375488e-02 1.173368655145168304e-03 7.170736789703369141e-03 9.999736547470092773e-01 -8.276474475860595703e-02
9.999909996986389160e-01 2.516339300200343132e-03 -3.374940250068902969e-03 -2.762446880340576172e+00 -2.494415268301963806e-03 9.999758601188659668e-01 6.485039368271827698e-03 7.755422592163085938e-02 3.391175530850887299e-03 -6.476396694779396057e-03 9.999732971191406250e-01 -2.979832887649536133e-02
9.999418854713439941e-01 -1.025585737079381943e-02 -3.302328055724501610e-03 -2.441091299057006836e+00 1.025237701833248138e-02 9.999471306800842285e-01 -1.069784979335963726e-03 -7.566761970520019531e-02 3.313124179840087891e-03 1.035936526022851467e-03 9.999940395355224609e-01 2.450087666511535645e-02
9.988468289375305176e-01 4.799497500061988831e-02 1.337250112555921078e-03 -2.479959487915039062e+00 -4.799916595220565796e-02 9.988415837287902832e-01 3.413448110222816467e-03 -3.104462623596191406e-01 -1.171873416751623154e-03 -3.473699092864990234e-03 9.999932646751403809e-01 6.694632768630981445e-02
9.998138546943664551e-01 -1.805979572236537933e-02 6.841969210654497147e-03 -2.973226308822631836e+00 1.807627454400062561e-02 9.998340606689453125e-01 -2.357585355639457703e-03 -1.138048171997070312e-01 -6.798257119953632355e-03 2.480825409293174744e-03 9.999738335609436035e-01 7.143583893775939941e-02
9.964047074317932129e-01 -8.074355870485305786e-02 2.566344477236270905e-02 -1.488778710365295410e+00 8.142225444316864014e-02 9.963249564170837402e-01 -2.659925445914268494e-02 -1.533358246088027954e-01 -2.342141047120094299e-02 2.859316952526569366e-02 9.993168115615844727e-01 3.854295015335083008e-01
9.991108179092407227e-01 -4.178483784198760986e-02 -5.666286684572696686e-03 -4.662242889404296875e+00 4.195246472954750061e-02 9.985529184341430664e-01 3.365515172481536865e-02 5.607534646987915039e-01 4.251809790730476379e-03 -3.386291861534118652e-02 9.994174838066101074e-01 2.661312222480773926e-01
9.998023509979248047e-01 1.982974261045455933e-02 -1.547354739159345627e-03 -2.899607658386230469e+00 -1.983864605426788330e-02 9.997859001159667969e-01 -5.936654284596443176e-03 1.065559387207031250e-01 1.429299358278512955e-03 5.966178607195615768e-03 9.999812245368957520e-01 6.064027547836303711e-03
9.999566078186035156e-01 8.715270087122917175e-03 -3.274270799010992050e-03 -2.901464939117431641e+00 -8.673182688653469086e-03 9.998824596405029297e-01 1.264802366495132446e-02 6.487137079238891602e-02 3.384116105735301971e-03 -1.261907350271940231e-02 9.999146461486816406e-01 7.710725069046020508e-03
9.999054074287414551e-01 -9.902979247272014618e-03 -9.556867182254791260e-03 -2.426097393035888672e+00 9.871684946119785309e-03 9.999460577964782715e-01 -3.309883177280426025e-03 5.374038219451904297e-02 9.589124470949172974e-03 3.215244039893150330e-03 9.999487996101379395e-01 7.697069644927978516e-02
9.996683597564697266e-01 -2.558080106973648071e-02 -3.098643850535154343e-03 -2.579460859298706055e+00 2.561748959124088287e-02 9.995950460433959961e-01 1.243758480995893478e-02 1.780745983123779297e-01 2.779225818812847137e-03 -1.251290924847126007e-02 9.999179244041442871e-01 8.880117535591125488e-02
9.997634887695312500e-01 -2.074878662824630737e-02 -6.501222494989633560e-03 -2.858397722244262695e+00 2.090932615101337433e-02 9.994512200355529785e-01 2.567617967724800110e-02 1.331996917724609375e-01 5.964906420558691025e-03 -2.580606006085872650e-02 9.996492266654968262e-01 5.196452140808105469e-02
9.999744296073913574e-01 -7.019424811005592346e-03 -1.503803185187280178e-03 -2.913607120513916016e+00 7.024405989795923233e-03 9.999698996543884277e-01 3.332702443003654480e-03 1.259463131427764893e-01 1.480363891460001469e-03 -3.343190299347043037e-03 9.999933242797851562e-01 1.116982102394104004e-02
9.999730587005615234e-01 -3.838706528767943382e-03 -6.286785006523132324e-03 -3.082509040832519531e+00 3.661202266812324524e-03 9.996005296707153320e-01 -2.802484482526779175e-02 5.958127975463867188e-01 6.391852628439664841e-03 2.800107188522815704e-02 9.995875358581542969e-01 -7.310026884078979492e-02
1.000000119209289551e+00 4.959990619681775570e-04 5.580135621130466461e-04 -2.679595947265625000e+00 -5.006157443858683109e-04 9.999657869338989258e-01 8.289879187941551208e-03 1.549373567104339600e-01 -5.538812838494777679e-04 -8.290163241326808929e-03 9.999655485153198242e-01 3.706309199333190918e-02
9.999197125434875488e-01 1.268930267542600632e-02 6.785150617361068726e-05 -2.298592805862426758e+00 -1.268850453197956085e-02 9.999026060104370117e-01 -5.870870780199766159e-03 1.483097076416015625e-01 -1.423358917236328125e-04 5.869546905159950256e-03 9.999827146530151367e-01 3.269204497337341309e-02
9.997343420982360840e-01 2.156139723956584930e-02 -8.125744760036468506e-03 -2.281654357910156250e+00 -2.155169658362865448e-02 9.997666478157043457e-01 1.275249524042010307e-03 2.472275495529174805e-02 8.151340298354625702e-03 -1.099784160032868385e-03 9.999660849571228027e-01 9.455424547195434570e-02
9.999964833259582520e-01 -2.557746367529034615e-03 -8.180607110261917114e-04 -2.555949926376342773e+00 2.552119316533207893e-03 9.999735951423645020e-01 -6.805326789617538452e-03 1.992793679237365723e-01 8.354512974619865417e-04 6.803244352340698242e-03 9.999763965606689453e-01 -5.878928303718566895e-02
9.994012713432312012e-01 -3.459515422582626343e-02 -1.259215641766786575e-04 -1.569238543510437012e+00 3.459522873163223267e-02 9.993765950202941895e-01 7.035203278064727783e-03 3.651404976844787598e-01 -1.175396610051393509e-04 -7.035327609628438950e-03 9.999752640724182129e-01 -1.082095503807067871e-02
9.998388290405273438e-01 -1.777137629687786102e-02 -2.611180534586310387e-03 -2.606582641601562500e+00 1.778911985456943512e-02 9.998178482055664062e-01 6.933851633220911026e-03 8.731245994567871094e-02 2.487480174750089645e-03 -6.979187019169330597e-03 9.999725222587585449e-01 3.328898549079895020e-02
9.998860359191894531e-01 -1.338763907551765442e-02 -6.991960573941469193e-03 -2.913314342498779297e+00 1.346286386251449585e-02 9.998505711555480957e-01 1.082354597747325897e-02 1.615555286407470703e-01 6.846015341579914093e-03 -1.091646589338779449e-02 9.999169707298278809e-01 -7.124179601669311523e-02
9.999968409538269043e-01 1.013471512123942375e-03 2.264598384499549866e-03 -2.903812646865844727e+00 -1.008485909551382065e-03 9.999969005584716797e-01 -2.189995720982551575e-03 1.998560428619384766e-01 -2.266810974106192589e-03 2.187713980674743652e-03 9.999949932098388672e-01 -1.187956333160400391e-02
9.997928738594055176e-01 -1.954205892980098724e-02 -5.718213040381669998e-03 -3.158769130706787109e+00 1.961970888078212738e-02 9.997118711471557617e-01 1.384065579622983932e-02 1.857132911682128906e-01 5.446094088256359100e-03 -1.394997537136077881e-02 9.998878836631774902e-01 -3.552916646003723145e-02
1.000000119209289551e+00 3.483784166746772826e-05 -3.348797908984124660e-04 -3.134711027145385742e+00 -3.706625648192130029e-05 9.999777078628540039e-01 -6.656583398580551147e-03 -1.989167928695678711e-02 3.346404992043972015e-04 6.656512618064880371e-03 9.999777078628540039e-01 -4.101958870887756348e-02
9.994035959243774414e-01 -3.452560678124427795e-02 -5.277050659060478210e-04 -1.838091373443603516e+00 3.452425822615623474e-02 9.994010329246520996e-01 -2.401181496679782867e-03 -7.319521903991699219e-02 6.102942861616611481e-04 2.381540834903717041e-03 9.999970793724060059e-01 8.552531898021697998e-02
9.999958872795104980e-01 -1.684718881733715534e-03 -2.248956356197595596e-03 -2.972240447998046875e+00 1.713069272227585316e-03 9.999182820320129395e-01 1.266501471400260925e-02 1.671022176742553711e-01 2.227433957159519196e-03 -1.266882382333278656e-02 9.999172687530517578e-01 4.894465208053588867e-02
9.999929070472717285e-01 -3.807330969721078873e-03 -1.823916099965572357e-04 -2.919413328170776367e+00 3.807679982855916023e-03 9.999909400939941406e-01 1.961696427315473557e-03 -3.811746835708618164e-03 1.749224029481410980e-04 -1.962362788617610931e-03 9.999980926513671875e-01 9.177905321121215820e-02
9.999143481254577637e-01 -1.287276856601238251e-02 -2.391391899436712265e-03 -2.747655630111694336e+00 1.289797574281692505e-02 9.998576045036315918e-01 1.087560877203941345e-02 2.331457138061523438e-01 2.251055557280778885e-03 -1.090551167726516724e-02 9.999380111694335938e-01 9.707811474800109863e-02
9.993363022804260254e-01 -3.620997071266174316e-02 -3.960348665714263916e-03 -2.570348501205444336e+00 3.622169420123100281e-02 9.993394613265991211e-01 2.929484006017446518e-03 -3.916111588478088379e-02 3.851656336337327957e-03 -3.070978447794914246e-03 9.999879002571105957e-01 4.869088530540466309e-02
9.996874928474426270e-01 -2.426799573004245758e-02 -5.983736366033554077e-03 -1.374008655548095703e+00 2.430937439203262329e-02 9.996803998947143555e-01 6.947693880647420883e-03 -3.244507312774658203e-02 5.813217721879482269e-03 -7.090986240655183792e-03 9.999579787254333496e-01 8.090645074844360352e-03
9.999023675918579102e-01 -1.394130568951368332e-02 -9.898664429783821106e-04 -2.591664791107177734e+00 1.393678877502679825e-02 9.998930096626281738e-01 -4.432339221239089966e-03 1.460641324520111084e-01 1.051553757861256599e-03 4.418111406266689301e-03 9.999896287918090820e-01 -1.218050718307495117e-02
9.995990991592407227e-01 -2.816732600331306458e-02 -2.838938962668180466e-03 -2.915947437286376953e+00 2.820391952991485596e-02 9.995070695877075195e-01 1.379645150154829025e-02 2.104213237762451172e-01 2.448929939419031143e-03 -1.387089211493730545e-02 9.999008774757385254e-01 9.973049163818359375e-03
9.996035695075988770e-01 -2.813799120485782623e-02 -6.625303067266941071e-04 -1.426399707794189453e+00 2.813930064439773560e-02 9.996023774147033691e-01 1.796139404177665710e-03 1.168576627969741821e-01 6.117234006524085999e-04 -1.814075745642185211e-03 9.999980926513671875e-01 1.131027936935424805e-02
9.999000430107116699e-01 -8.930034935474395752e-03 -1.097902283072471619e-02 -2.874730825424194336e+00 9.119137190282344818e-03 9.998090267181396484e-01 1.729600504040718079e-02 1.499840617179870605e-02 1.082247216254472733e-02 -1.739435456693172455e-02 9.997901916503906250e-01 1.128483712673187256e-01
9.998404383659362793e-01 -1.768646389245986938e-02 -2.566222334280610085e-03 -2.166983366012573242e+00 1.770251244306564331e-02 9.998229146003723145e-01 6.372367963194847107e-03 1.500769853591918945e-01 2.453064313158392906e-03 -6.416767835617065430e-03 9.999763965606689453e-01 3.473520278930664062e-03
9.997746348381042480e-01 1.858708821237087250e-02 -1.023990754038095474e-02 -3.343664407730102539e+00 -1.872398704290390015e-02 9.997345209121704102e-01 -1.343684364110231400e-02 -1.231646537780761719e-02 9.987430647015571594e-03 1.362555287778377533e-02 9.998573660850524902e-01 -4.721471667289733887e-02
9.999447464942932129e-01 -8.769017644226551056e-03 -5.791542120277881622e-03 -2.861612796783447266e+00 8.773101493716239929e-03 9.999614953994750977e-01 6.830412894487380981e-04 -7.303595542907714844e-02 5.785327404737472534e-03 -7.337853312492370605e-04 9.999830126762390137e-01 -4.045924544334411621e-02
9.994424581527709961e-01 -3.315671533346176147e-02 -3.967914730310440063e-03 -3.768841743469238281e+00 3.323592618107795715e-02 9.992074370384216309e-01 2.191418036818504333e-02 1.130802631378173828e-01 3.238167613744735718e-03 -2.203385531902313232e-02 9.997519850730895996e-01 -5.327433347702026367e-03
9.998532533645629883e-01 1.597718335688114166e-02 -6.141632795333862305e-03 -2.269678115844726562e+00 -1.593648269772529602e-02 9.998512268066406250e-01 6.615326274186372757e-03 -5.661737918853759766e-02 6.246408447623252869e-03 -6.516492459923028946e-03 9.999592304229736328e-01 4.611387848854064941e-02
9.997513890266418457e-01 2.039426006376743317e-02 -9.033727459609508514e-03 -1.725436806678771973e+00 -2.037463150918483734e-02 9.997899532318115234e-01 2.261265879496932030e-03 -1.287937164306640625e-02 9.077949449419975281e-03 -2.076644217595458031e-03 9.999566078186035156e-01 3.600358963012695312e-03
9.999133348464965820e-01 1.206632237881422043e-02 -5.282274447381496429e-03 -2.863311290740966797e+00 -1.202862989157438278e-02 9.999025464057922363e-01 7.102692499756813049e-03 2.521936893463134766e-01 5.367460660636425018e-03 -7.038535550236701965e-03 9.999607801437377930e-01 -3.787386417388916016e-02
9.993010759353637695e-01 -3.727599605917930603e-02 -2.825464121997356415e-03 -2.626706600189208984e+00 3.728069737553596497e-02 9.993033409118652344e-01 1.604486256837844849e-03 -5.139470100402832031e-03 2.763688564300537109e-03 -1.708697527647018433e-03 9.999946951866149902e-01 -1.263728737831115723e-02
9.999523758888244629e-01 8.600193075835704803e-03 -4.632283933460712433e-03 -3.091469526290893555e+00 -8.595060557126998901e-03 9.999622106552124023e-01 1.127628609538078308e-03 6.713644415140151978e-02 4.641808103770017624e-03 -1.087686046957969666e-03 9.999886155128479004e-01 2.736893296241760254e-02
9.997939467430114746e-01 -1.946032606065273285e-02 -5.796632263809442520e-03 -2.548299789428710938e+00 1.942863129079341888e-02 9.997960329055786133e-01 -5.468946415930986404e-03 8.585214614868164062e-02 5.901879165321588516e-03 5.355196073651313782e-03 9.999682307243347168e-01 -3.548440337181091309e-02
9.991266727447509766e-01 -4.170290380716323853e-02 -2.526191761717200279e-03 -1.945032119750976562e+00 4.172379150986671448e-02 9.990896582603454590e-01 8.873308077454566956e-03 1.032633781433105469e-01 2.153848530724644661e-03 -8.970960043370723724e-03 9.999574422836303711e-01 -1.959055662155151367e-03
9.999656677246093750e-01 -7.982495240867137909e-03 -2.262539695948362350e-03 -3.124605178833007812e+00 8.015262894332408905e-03 9.998573660850524902e-01 1.486524380743503571e-02 1.976244449615478516e-01 2.143556252121925354e-03 -1.488288678228855133e-02 9.998868703842163086e-01 -4.245871305465698242e-02
9.999964833259582520e-01 -2.679032972082495689e-03 -9.158067405223846436e-05 -2.775209426879882812e+00 2.678664401173591614e-03 9.999893307685852051e-01 -3.805414307862520218e-03 7.974362373352050781e-02 1.017756294459104538e-04 3.805159125477075577e-03 9.999927282333374023e-01 -4.109212756156921387e-02
9.999625682830810547e-01 9.202195797115564346e-04 8.617828600108623505e-03 -3.642008781433105469e+00 -9.405754972249269485e-04 9.999969005584716797e-01 2.363868057727813721e-03 1.778862774372100830e-01 -8.615626022219657898e-03 -2.371887676417827606e-03 9.999600648880004883e-01 -5.564329028129577637e-02
9.999465942382812500e-01 -5.685485899448394775e-03 8.611612021923065186e-03 -3.383232116699218750e+00 5.517093464732170105e-03 9.997952580451965332e-01 1.945327594876289368e-02 1.869097948074340820e-01 -8.720451965928077698e-03 -1.940473914146423340e-02 9.997736811637878418e-01 -4.516112804412841797e-02
9.997932314872741699e-01 2.010192535817623138e-02 3.089367412030696869e-03 -2.847451686859130859e+00 -2.012111619114875793e-02 9.997778534889221191e-01 6.308315321803092957e-03 1.142991781234741211e-01 -2.961871214210987091e-03 -6.369184702634811401e-03 9.999753236770629883e-01 -3.271958231925964355e-02
9.998561143875122070e-01 -1.618462055921554565e-02 -5.106252618134021759e-03 -2.234532117843627930e+00 1.619441993534564972e-02 9.998671412467956543e-01 1.883023418486118317e-03 -1.262169703841209412e-02 5.075101740658283234e-03 -1.965500880032777786e-03 9.999850988388061523e-01 2.643245458602905273e-02
9.999738335609436035e-01 -2.766900928691029549e-03 -6.709364242851734161e-03 -2.631294727325439453e+00 2.768984064459800720e-03 9.999963641166687012e-01 2.959966659545898438e-04 -1.966699063777923584e-01 6.708520464599132538e-03 -3.145663067698478699e-04 9.999775290489196777e-01 -9.301006793975830078e-02
9.999707341194152832e-01 -6.389202084392309189e-03 4.231704398989677429e-03 -3.285727500915527344e+00 6.338377017527818680e-03 9.999093413352966309e-01 1.191616803407669067e-02 7.688927650451660156e-02 -4.307453520596027374e-03 -1.188903674483299255e-02 9.999201297760009766e-01 -4.093848168849945068e-02
9.999737739562988281e-01 6.370857357978820801e-03 -3.506802488118410110e-03 -2.248739719390869141e+00 -6.338363047689199448e-03 9.999377727508544922e-01 9.183553978800773621e-03 1.212763041257858276e-01 3.565090242773294449e-03 -9.161083959043025970e-03 9.999516606330871582e-01 8.010213077068328857e-02
9.996738433837890625e-01 -2.235214225947856903e-02 -1.235484052449464798e-02 -3.027179956436157227e+00 2.254120446741580963e-02 9.996279478073120117e-01 1.538195554167032242e-02 2.721836566925048828e-01 1.200642250478267670e-02 -1.565546169877052307e-02 9.998052716255187988e-01 3.112241625785827637e-02
9.999395012855529785e-01 9.313904680311679840e-03 -5.845685489475727081e-03 -2.458051443099975586e+00 -9.248148649930953979e-03 9.998948574066162109e-01 1.118093729019165039e-02 1.689412593841552734e-01 5.949208978563547134e-03 -1.112620159983634949e-02 9.999203681945800781e-01 -3.019052743911743164e-02
9.995777606964111328e-01 1.624467596411705017e-02 2.409648708999156952e-02 -4.720251083374023438e+00 -1.594547927379608154e-02 9.997942447662353516e-01 -1.255744695663452148e-02 2.785177230834960938e-01 -2.429552190005779266e-02 1.216797530651092529e-02 9.996306896209716797e-01 8.500218391418457031e-03
9.999862313270568848e-01 -4.835797939449548721e-03 2.050284296274185181e-03 -2.964658498764038086e+00 4.812776576727628708e-03 9.999272227287292480e-01 1.108338683843612671e-02 1.436996459960937500e-02 -2.103731967508792877e-03 -1.107337698340415955e-02 9.999365210533142090e-01 -2.628102898597717285e-02
9.999980330467224121e-01 -1.488143694587051868e-03 1.408827491104602814e-03 -2.466122150421142578e+00 1.464011846110224724e-03 9.998546838760375977e-01 1.698002219200134277e-02 3.820495605468750000e-01 -1.433889847248792648e-03 -1.697795093059539795e-02 9.998548626899719238e-01 2.690425515174865723e-02
9.998889565467834473e-01 1.299499347805976868e-02 -7.282021921128034592e-03 -2.771236419677734375e+00 -1.294912490993738174e-02 9.998961687088012695e-01 6.311028264462947845e-03 2.020077854394912720e-01 7.363277021795511246e-03 -6.216081790626049042e-03 9.999535679817199707e-01 -2.454239130020141602e-02
9.999912381172180176e-01 -4.035294987261295319e-03 -1.039160881191492081e-03 -2.941379785537719727e+00 4.034185316413640976e-03 9.999913573265075684e-01 -1.067252480424940586e-03 -9.918308258056640625e-02 1.043458469212055206e-03 1.063068863004446030e-03 9.999988675117492676e-01 2.920398116111755371e-02
9.999232292175292969e-01 -1.124036731198430061e-03 -1.235096435993909836e-02 -2.771770954132080078e+00 1.202983665280044079e-03 9.999790191650390625e-01 6.386358290910720825e-03 4.652862250804901123e-02 1.234352588653564453e-02 -6.400625221431255341e-03 9.999033212661743164e-01 1.085090637207031250e-02
9.993850588798522949e-01 -3.501135110855102539e-02 -1.989763230085372925e-03 -2.828513145446777344e+00 3.499527275562286377e-02 9.993585944175720215e-01 -7.613815367221832275e-03 -7.069793343544006348e-02 2.255057217553257942e-03 7.539522368460893631e-03 9.999690651893615723e-01 1.206833124160766602e-02
9.999565482139587402e-01 -7.716382853686809540e-03 5.217489786446094513e-03 -2.995111465454101562e+00 7.723050657659769058e-03 9.999693036079406738e-01 -1.257454976439476013e-03 -5.342161655426025391e-02 -5.207628011703491211e-03 1.297725364565849304e-03 9.999855160713195801e-01 9.903362393379211426e-02
9.995010495185852051e-01 -3.054445609450340271e-02 -8.033667691051959991e-03 -2.888209581375122070e+00 3.060314245522022247e-02 9.995049834251403809e-01 7.288932800292968750e-03 -1.068282127380371094e-01 7.807056885212659836e-03 -7.531154900789260864e-03 9.999411106109619141e-01 -2.188602089881896973e-02
9.999781847000122070e-01 -6.349391303956508636e-03 1.751560950651764870e-03 -3.342528343200683594e+00 6.318767089396715164e-03 9.998360276222229004e-01 1.697337441146373749e-02 7.301867008209228516e-03 -1.859044539742171764e-03 -1.696194335818290710e-02 9.998543858528137207e-01 4.296591877937316895e-02
9.998852014541625977e-01 -1.475876569747924805e-02 -3.424920607358217239e-03 -2.516784429550170898e+00 1.475127134472131729e-02 9.998885989189147949e-01 -2.195195760577917099e-03 -1.746594905853271484e-03 3.456937149167060852e-03 2.144420985132455826e-03 9.999917745590209961e-01 4.849109053611755371e-02
9.986074566841125488e-01 -5.272860825061798096e-02 -1.614933367818593979e-03 -2.534897804260253906e+00 5.273057520389556885e-02 9.986082315444946289e-01 1.167448237538337708e-03 -3.195271492004394531e-01 1.551127061247825623e-03 -1.250974833965301514e-03 9.999980330467224121e-01 6.897801160812377930e-02
9.986778497695922852e-01 -5.132965743541717529e-02 2.761244773864746094e-03 -2.098043203353881836e+00 5.132587254047393799e-02 9.986809492111206055e-01 1.422483474016189575e-03 4.689395427703857422e-04 -2.830617828294634819e-03 -1.278880052268505096e-03 9.999951124191284180e-01 -1.808878779411315918e-02
9.999915361404418945e-01 -2.977678086608648300e-03 -2.899297513067722321e-03 -2.992510080337524414e+00 3.008963074535131454e-03 9.999368786811828613e-01 1.084734778851270676e-02 9.133628010749816895e-02 2.866815775632858276e-03 -1.085587870329618454e-02 9.999369382858276367e-01 -4.497528076171875000e-03
9.994060993194580078e-01 -3.441772237420082092e-02 -1.765517052263021469e-03 -3.040994644165039062e+00 3.442978486418724060e-02 9.993805885314941406e-01 7.321687880903482437e-03 1.499741077423095703e-01 1.512423623353242874e-03 -7.378199137747287750e-03 9.999716877937316895e-01 2.933669090270996094e-02
9.997215270996093750e-01 -1.653609797358512878e-02 -1.682311482727527618e-02 -3.166989326477050781e+00 1.650889962911605835e-02 9.998620748519897461e-01 -1.752604264765977859e-03 2.615565061569213867e-02 1.684978231787681580e-02 1.474383752793073654e-03 9.998569488525390625e-01 -2.289116382598876953e-03
9.998785853385925293e-01 -1.505478657782077789e-02 -4.067222587764263153e-03 -3.272993326187133789e+00 1.510916929692029953e-02 9.997922182083129883e-01 1.368768140673637390e-02 8.796465396881103516e-02 3.860314376652240753e-03 -1.374752074480056763e-02 9.998981356620788574e-01 -1.275670528411865234e-02
9.995085597038269043e-01 -3.116061538457870483e-02 -3.379232250154018402e-03 -3.213784933090209961e+00 3.113967180252075195e-02 9.994964003562927246e-01 -6.080145016312599182e-03 4.137375950813293457e-02 3.566997125744819641e-03 5.971972830593585968e-03 9.999755620956420898e-01 -9.601920843124389648e-03
9.996566176414489746e-01 2.428863570094108582e-02 -9.819568134844303131e-03 -2.636842727661132812e+00 -2.431505359709262848e-02 9.997008442878723145e-01 -2.576800528913736343e-03 4.468992948532104492e-01 9.754044935107231140e-03 2.814690815284848213e-03 9.999484419822692871e-01 4.656130075454711914e-02
9.999731779098510742e-01 -5.949256476014852524e-03 -4.313115496188402176e-03 -2.883841753005981445e+00 5.960304755717515945e-03 9.999788999557495117e-01 2.551922574639320374e-03 -1.393100023269653320e-01 4.297845531255006790e-03 -2.577560022473335266e-03 9.999874830245971680e-01 -3.794172406196594238e-02
9.999862313270568848e-01 -4.299225285649299622e-03 -3.015477908775210381e-03 -2.942521095275878906e+00 4.309779033064842224e-03 9.999846816062927246e-01 3.454743418842554092e-03 -9.718930721282958984e-02 3.000578843057155609e-03 -3.467687405645847321e-03 9.999894499778747559e-01 -4.779314994812011719e-02
9.996835589408874512e-01 -2.505353838205337524e-02 2.302028005942702293e-03 -3.398942232131958008e+00 2.500940300524234772e-02 9.995338320732116699e-01 1.753273233771324158e-02 2.882165908813476562e-01 -2.740210853517055511e-03 -1.746962219476699829e-02 9.998435974121093750e-01 -9.858131408691406250e-03
9.998726248741149902e-01 -1.428114809095859528e-02 -7.117541972547769547e-03 -2.914437055587768555e+00 1.442167069762945175e-02 9.996939897537231445e-01 2.009904757142066956e-02 1.421945691108703613e-01 6.828328594565391541e-03 -2.019899338483810425e-02 9.997725486755371094e-01 8.650672435760498047e-02
9.999376535415649414e-01 8.530576713383197784e-03 -7.206431590020656586e-03 -3.466662883758544922e+00 -8.485538884997367859e-03 9.999442100524902344e-01 6.259962916374206543e-03 7.383126020431518555e-02 7.259434089064598083e-03 -6.198411807417869568e-03 9.999543428421020508e-01 4.644510149955749512e-02
9.995192289352416992e-01 3.083155490458011627e-02 -3.327793441712856293e-03 -2.603532791137695312e+00 -3.082888014614582062e-02 9.995245933532714844e-01 8.553252555429935455e-04 3.157067298889160156e-02 3.352580592036247253e-03 -7.523288950324058533e-04 9.999940991401672363e-01 -1.310172677040100098e-02
9.999741911888122559e-01 -5.486666224896907806e-03 4.674513824284076691e-03 -2.754796028137207031e+00 5.473034922033548355e-03 9.999808669090270996e-01 2.925563836470246315e-03 3.130416870117187500e-01 -4.690474830567836761e-03 -2.899909857660531998e-03 9.999848008155822754e-01 7.197138667106628418e-02
9.990330934524536133e-01 -4.353351518511772156e-02 -6.131960544735193253e-03 -2.170368909835815430e+00 4.359015449881553650e-02 9.990049600601196289e-01 9.428248740732669830e-03 1.707629859447479248e-01 5.715412553399801254e-03 -9.686449542641639709e-03 9.999367594718933105e-01 -4.823550581932067871e-02
9.999984502792358398e-01 -1.662782160565257072e-03 4.975944757461547852e-04 -2.348596334457397461e+00 1.664077397435903549e-03 9.999955892562866211e-01 -2.545876894146203995e-03 5.219817161560058594e-03 -4.933592863380908966e-04 2.546701114624738693e-03 9.999966025352478027e-01 -1.788908243179321289e-02
9.980507493019104004e-01 6.241027638316154480e-02 -1.283977180719375610e-04 -1.813174724578857422e+00 -6.240853294730186462e-02 9.980355501174926758e-01 5.543452221900224686e-03 2.201862931251525879e-01 4.741111770272254944e-04 -5.524625070393085480e-03 9.999845623970031738e-01 8.001172542572021484e-02
9.999778270721435547e-01 6.300213746726512909e-03 2.169041195884346962e-03 -3.113586187362670898e+00 -6.319594103842973709e-03 9.999391436576843262e-01 9.046925231814384460e-03 2.672134637832641602e-01 -2.111911540850996971e-03 -9.060438722372055054e-03 9.999567270278930664e-01 -3.216975927352905273e-02
9.999705553054809570e-01 -3.193267621099948883e-03 -6.965900771319866180e-03 -2.441824674606323242e+00 3.208564361557364464e-03 9.999926090240478516e-01 2.186401747167110443e-03 -1.219516396522521973e-01 6.958861835300922394e-03 -2.208725549280643463e-03 9.999735355377197266e-01 6.064981222152709961e-02
9.999433755874633789e-01 8.340287953615188599e-03 -6.654536351561546326e-03 -2.966904401779174805e+00 -8.149526081979274750e-03 9.995694756507873535e-01 2.819503843784332275e-02 5.936125516891479492e-01 6.886833347380161285e-03 -2.813926152884960175e-02 9.995802044868469238e-01 1.637288928031921387e-02
9.999253153800964355e-01 1.182160247117280960e-02 3.089579287916421890e-03 -3.812998533248901367e+00 -1.185049489140510559e-02 9.998847842216491699e-01 9.506439790129661560e-03 1.179188489913940430e-01 -2.976842224597930908e-03 -9.542474523186683655e-03 9.999501705169677734e-01 -6.525766849517822266e-02
9.992287158966064453e-01 -3.908923640847206116e-02 -3.745420835912227631e-03 -2.214629173278808594e+00 3.906338661909103394e-02 9.992140531539916992e-01 -6.751172244548797607e-03 -1.523671150207519531e-01 4.006374161690473557e-03 6.599653512239456177e-03 9.999702572822570801e-01 1.694145798683166504e-02
9.998524785041809082e-01 -1.704506203532218933e-02 -2.115297131240367889e-03 -1.771450996398925781e+00 1.703705266118049622e-02 9.998477101325988770e-01 -3.746492788195610046e-03 1.098360568284988403e-01 2.178834751248359680e-03 3.709901124238967896e-03 9.999907016754150391e-01 8.818209171295166016e-03
9.977140426635742188e-01 6.688684970140457153e-02 -9.627497754991054535e-03 -1.416517734527587891e+00 -6.683783978223800659e-02 9.977495074272155762e-01 5.329400766640901566e-03 -1.580897569656372070e-01 9.962301701307296753e-03 -4.673741292208433151e-03 9.999395012855529785e-01 7.999852299690246582e-02
9.999483823776245117e-01 -1.012870576232671738e-02 -8.472912013530731201e-04 -2.686127662658691406e+00 1.012432202696800232e-02 9.999359250068664551e-01 -5.014283582568168640e-03 7.853914797306060791e-02 8.980259299278259277e-04 5.005481652915477753e-03 9.999870657920837402e-01 -8.445504307746887207e-02
9.998690485954284668e-01 -1.604698039591312408e-02 -2.207418903708457947e-03 -2.572374582290649414e+00 1.604519970715045929e-02 9.998711347579956055e-01 -8.245371282100677490e-04 1.724445819854736328e-02 2.220367081463336945e-03 7.889289408922195435e-04 9.999972581863403320e-01 4.491212964057922363e-02
9.999706745147705078e-01 -6.520726718008518219e-03 -4.010150209069252014e-03 -2.473322391510009766e+00 6.528029683977365494e-03 9.999769330024719238e-01 1.809468958526849747e-03 -1.760535538196563721e-01 3.998259082436561584e-03 -1.835591625422239304e-03 9.999902248382568359e-01 -8.053812384605407715e-02
9.997405409812927246e-01 -2.237131074070930481e-02 4.313326440751552582e-03 -2.664799690246582031e+00 2.236263826489448547e-02 9.997478723526000977e-01 2.047254238277673721e-03 3.400444984436035156e-02 -4.358037840574979782e-03 -1.950266654603183270e-03 9.999886155128479004e-01 3.538611531257629395e-02
9.999199509620666504e-01 -1.256257109344005585e-02 -1.582229742780327797e-03 -2.935625314712524414e+00 1.259739324450492859e-02 9.996240735054016113e-01 2.435532957315444946e-02 -1.206898689270019531e-02 1.275668153539299965e-03 -2.437331154942512512e-02 9.997021555900573730e-01 3.605109453201293945e-02
9.993669390678405762e-01 3.534389287233352661e-02 -4.095100797712802887e-03 -2.329562187194824219e+00 -3.532481193542480469e-02 9.993652701377868652e-01 4.659738391637802124e-03 -1.711183227598667145e-03 4.257194232195615768e-03 -4.512132611125707626e-03 9.999808073043823242e-01 -4.428887367248535156e-02
9.999562501907348633e-01 6.096434779465198517e-03 -7.127964869141578674e-03 -3.463819980621337891e+00 -6.102817133069038391e-03 9.999812245368957520e-01 -8.751050336286425591e-04 -1.409061551094055176e-01 7.122493814677000046e-03 9.185704402625560760e-04 9.999741911888122559e-01 -3.028044104576110840e-02
9.998735189437866211e-01 -1.544951647520065308e-02 -3.806826192885637283e-03 -3.001253366470336914e+00 1.545992307364940643e-02 9.998765587806701660e-01 2.710802480578422546e-03 -2.004563808441162109e-03 3.764476859942078590e-03 -2.769315615296363831e-03 9.999890923500061035e-01 4.282429814338684082e-03
9.999061822891235352e-01 -1.351185142993927002e-02 2.404786646366119385e-03 -3.271288394927978516e+00 1.344569120556116104e-02 9.995801448822021484e-01 2.567214891314506531e-02 3.285437822341918945e-01 -2.750650048255920410e-03 -2.563739754259586334e-02 9.996675252914428711e-01 7.403767108917236328e-02
9.999420046806335449e-01 -8.542929776012897491e-03 -6.574468687176704407e-03 -3.149392843246459961e+00 8.571987971663475037e-03 9.999539852142333984e-01 4.403430037200450897e-03 -4.884511232376098633e-03 6.536545697599649429e-03 -4.459530580788850784e-03 9.999687075614929199e-01 6.298431754112243652e-02
9.999942779541015625e-01 3.134880680590867996e-03 -1.054607564583420753e-03 -3.291150569915771484e+00 -3.125867340713739395e-03 9.999594092369079590e-01 8.456896990537643433e-03 1.557229757308959961e-01 1.081077614799141884e-03 -8.453547954559326172e-03 9.999638199806213379e-01 -2.306565642356872559e-02
9.999945163726806641e-01 2.837871201336383820e-03 -1.777627505362033844e-03 -2.890165567398071289e+00 -2.851180266588926315e-03 9.999677538871765137e-01 -7.535526528954505920e-03 -1.761252880096435547e-01 1.756190322339534760e-03 7.540592923760414124e-03 9.999699592590332031e-01 -7.554867863655090332e-02
9.981166720390319824e-01 -6.084492057561874390e-02 -7.867094129323959351e-03 -2.398537635803222656e+00 6.093676388263702393e-02 9.980696439743041992e-01 1.201322302222251892e-02 1.384559869766235352e-01 7.120968773961067200e-03 -1.246990635991096497e-02 9.998969435691833496e-01 5.472663044929504395e-02
9.999883174896240234e-01 -4.714362788945436478e-03 -1.068707439117133617e-03 -2.034736394882202148e+00 4.713059403002262115e-03 9.999878406524658203e-01 -1.269157044589519501e-03 -1.459844410419464111e-03 1.074677566066384315e-03 1.264098100364208221e-03 9.999985694885253906e-01 -4.511612653732299805e-02
9.999383091926574707e-01 1.107355114072561264e-02 -6.812256760895252228e-04 -2.845186710357666016e+00 -1.106747332960367203e-02 9.999033212661743164e-01 8.382236585021018982e-03 1.191809177398681641e-01 7.739826105535030365e-04 -8.374152705073356628e-03 9.999645352363586426e-01 8.990705013275146484e-03
9.992381334304809570e-01 3.883634880185127258e-02 -3.840312827378511429e-03 -2.759529352188110352e+00 -3.885770589113235474e-02 9.992284178733825684e-01 -5.660993047058582306e-03 3.477779626846313477e-01 3.617498790845274925e-03 5.805913358926773071e-03 9.999766945838928223e-01 -3.765940666198730469e-02
9.996137619018554688e-01 -2.726317569613456726e-02 -5.443790927529335022e-03 -2.625426530838012695e+00 2.729481644928455353e-02 9.996106624603271484e-01 5.823337472975254059e-03 -1.003713011741638184e-01 5.282910540699958801e-03 -5.969678517431020737e-03 9.999681711196899414e-01 2.442377805709838867e-02
9.997065067291259766e-01 2.416554652154445648e-02 -1.739146653562784195e-03 -2.387163400650024414e+00 -2.415650151669979095e-02 9.996955394744873047e-01 5.020401440560817719e-03 2.759410142898559570e-01 1.859937794506549835e-03 -4.976905882358551025e-03 9.999859333038330078e-01 -5.561411380767822266e-04
9.995791912078857422e-01 -2.894887141883373260e-02 1.844475045800209045e-03 -2.223332881927490234e+00 2.894022129476070404e-02 9.995708465576171875e-01 4.603880923241376877e-03 1.617262065410614014e-01 -1.976961269974708557e-03 -4.548569209873676300e-03 9.999877214431762695e-01 -5.139321088790893555e-03
9.999896883964538574e-01 -1.082564820535480976e-03 4.384387750178575516e-03 -3.091788053512573242e+00 1.086340751498937607e-03 9.999989867210388184e-01 -8.566846372559666634e-04 1.411257982254028320e-01 -4.383455961942672729e-03 8.614386897534132004e-04 9.999899268150329590e-01 1.828947663307189941e-02
9.999326467514038086e-01 -1.098666619509458542e-02 -3.734137397259473801e-03 -3.299443960189819336e+00 1.096711307764053345e-02 9.999262094497680664e-01 -5.216829478740692139e-03 -1.766011714935302734e-01 3.791177412495017052e-03 5.175521131604909897e-03 9.999794363975524902e-01 -2.116718888282775879e-02
9.999666213989257812e-01 4.016334656625986099e-03 -7.151845842599868774e-03 -3.080622434616088867e+00 -3.910120110958814621e-03 9.998826980590820312e-01 1.480229757726192474e-02 1.958549022674560547e-01 7.210459560155868530e-03 -1.477385498583316803e-02 9.998648762702941895e-01 7.640933990478515625e-02
9.999545812606811523e-01 7.352628745138645172e-03 -6.059519946575164795e-03 -2.403254508972167969e+00 -7.321417331695556641e-03 9.999598860740661621e-01 5.158907268196344376e-03 1.557433605194091797e-01 6.097208708524703979e-03 -5.114316008985042572e-03 9.999683499336242676e-01 2.689599990844726562e-03
9.997641444206237793e-01 -2.171947993338108063e-02 2.960721030831336975e-05 -2.923975706100463867e+00 2.171631157398223877e-02 9.996398091316223145e-01 1.577303931117057800e-02 2.269803285598754883e-01 -3.721797838807106018e-04 -1.576866023242473602e-02 9.998754858970642090e-01 3.201800584793090820e-02
9.999946951866149902e-01 2.989607164636254311e-03 1.274497131817042828e-03 -2.933048248291015625e+00 -2.988669322803616524e-03 9.999951124191284180e-01 -7.511610165238380432e-04 3.312350809574127197e-01 -1.276736613363027573e-03 7.473509758710861206e-04 9.999989271163940430e-01 -6.024447083473205566e-02
9.999024271965026855e-01 -1.197632029652595520e-02 -7.188192568719387054e-03 -2.828383684158325195e+00 1.205128803849220276e-02 9.998722672462463379e-01 1.047892123460769653e-02 1.273287534713745117e-01 7.061776705086231232e-03 -1.056451909244060516e-02 9.999192953109741211e-01 6.762026250362396240e-02
9.995645880699157715e-01 2.644447796046733856e-02 -1.308514270931482315e-02 -1.716356277465820312e+00 -2.639759145677089691e-02 9.996445775032043457e-01 3.751389216631650925e-03 -3.118058741092681885e-01 1.317969243973493576e-02 -3.404340939596295357e-03 9.999073147773742676e-01 7.788652181625366211e-02
9.999698400497436523e-01 6.624527741223573685e-03 -3.985259681940078735e-03 -2.965130567550659180e+00 -6.620186846703290939e-03 9.999772906303405762e-01 1.099342480301856995e-03 -8.795380592346191406e-02 3.992449026554822922e-03 -1.072912360541522503e-03 9.999914169311523438e-01 -4.376271367073059082e-02
9.999981522560119629e-01 3.523851628415286541e-04 2.031672978773713112e-03 -2.827428817749023438e+00 -3.584244986996054649e-04 9.999959468841552734e-01 2.925965469330549240e-03 1.355981826782226562e-02 -2.030631527304649353e-03 -2.926687709987163544e-03 9.999936819076538086e-01 -5.994686484336853027e-02
9.996055960655212402e-01 2.733029425144195557e-02 -6.448134314268827438e-03 -1.926029205322265625e+00 -2.728999033570289612e-02 9.996082186698913574e-01 6.262914743274450302e-03 -6.362125277519226074e-02 6.616770755499601364e-03 -6.084448657929897308e-03 9.999595880508422852e-01 -4.175460338592529297e-02
