9.996475577354431152e-01 2.652247063815593719e-02 -9.918827563524246216e-04 -5.174180984497070312e+00 -2.651124447584152222e-02 9.995983242988586426e-01 9.997958317399024963e-03 2.970722913742065430e-01 1.256646588444709778e-03 -9.968029335141181946e-03 9.999495744705200195e-01 -7.884693145751953125e-02
9.998701214790344238e-01 8.507102727890014648e-03 -1.368801854550838470e-02 -3.725690364837646484e+00 -8.650615811347961426e-03 9.999077320098876953e-01 -1.045990549027919769e-02 2.506668567657470703e-01 1.359776034951210022e-02 1.057698018848896027e-02 9.998515844345092773e-01 -1.715138554573059082e-02
9.992286562919616699e-01 -3.926425427198410034e-02 1.587197184562683105e-04 -5.266823768615722656e+00 3.926456347107887268e-02 9.992231726646423340e-01 -3.338570706546306610e-03 -5.339717864990234375e-02 -2.751126885414123535e-05 3.342225216329097748e-03 9.999943971633911133e-01 -1.018005013465881348e-01
9.963257908821105957e-01 -8.455712348222732544e-02 -1.358861103653907776e-02 -3.125180482864379883e+00 8.457702398300170898e-02 9.964165091514587402e-01 8.972873911261558533e-04 -1.531459569931030273e+00 1.346403919160366058e-02 -2.043283311650156975e-03 9.999071955680847168e-01 -8.677729964256286621e-02
9.994325041770935059e-01 3.169499710202217102e-02 -1.139403134584426880e-02 -4.993572235107421875e+00 -3.170017153024673462e-02 9.994974732398986816e-01 -2.744859084486961365e-04 -7.140969038009643555e-01 1.137959957122802734e-02 6.355396471917629242e-04 9.999350905418395996e-01 -1.098393201828002930e-01
9.999676346778869629e-01 8.086637593805789948e-03 3.483891487121582031e-05 -4.894915103912353516e+00 -8.086305111646652222e-03 9.998651146888732910e-01 1.431073993444442749e-02 -5.799024701118469238e-01 8.090399205684661865e-05 -1.431055180728435516e-02 9.998975992202758789e-01 -7.166561484336853027e-02
9.962723851203918457e-01 -8.413425087928771973e-02 -1.904236525297164917e-02 -6.448530673980712891e+00 8.416886627674102783e-02 9.964510798454284668e-01 1.024024095386266708e-03 3.645234107971191406e-01 1.888863369822502136e-02 -2.622892148792743683e-03 9.998181462287902832e-01 -1.348742842674255371e-01
9.990821480751037598e-01 -4.189650714397430420e-02 -8.884770795702934265e-03 -6.514544486999511719e+00 4.191229492425918579e-02 9.991199374198913574e-01 1.597220078110694885e-03 1.092239618301391602e+00 8.810020983219146729e-03 -1.968140713870525360e-03 9.999592304229736328e-01 -1.477396488189697266e-01
9.877413511276245117e-01 1.559600979089736938e-01 -6.604716181755065918e-03 -3.610183238983154297e+00 -1.560239940881729126e-01 9.876964092254638672e-01 -1.061209663748741150e-02 2.395204305648803711e-01 4.868393763899803162e-03 1.151251327246427536e-02 9.999218583106994629e-01 1.740968227386474609e-02
9.967619776725769043e-01 -8.033266663551330566e-02 -3.501838073134422302e-03 -4.007425308227539062e+00 8.034430444240570068e-02 9.967620968818664551e-01 3.292031120508909225e-03 8.653827905654907227e-01 3.226039931178092957e-03 -3.562722820788621902e-03 9.999884963035583496e-01 -1.966312527656555176e-01
9.971669316291809082e-01 -7.421134412288665771e-02 -1.226773671805858612e-02 -6.327982902526855469e+00 7.417531311511993408e-02 9.972392916679382324e-01 -3.373963758349418640e-03 6.940850019454956055e-01 1.248425524681806564e-02 2.454448491334915161e-03 9.999189972877502441e-01 -1.160707771778106689e-01
9.985719919204711914e-01 -5.097609758377075195e-02 -1.596557348966598511e-02 -5.108130455017089844e+00 5.118466541171073914e-02 9.986051917076110840e-01 1.293967571109533310e-02 -1.094012260437011719e+00 1.528368704020977020e-02 -1.373841613531112671e-02 9.997888803482055664e-01 -8.058008551597595215e-02
9.975441098213195801e-01 6.973568350076675415e-02 -6.550041958689689636e-03 -4.599756717681884766e+00 -6.978426128625869751e-02 9.975341558456420898e-01 -7.502811029553413391e-03 1.304304599761962891e-01 6.010677665472030640e-03 7.941481657326221466e-03 9.999504089355468750e-01 1.932406425476074219e-02
9.986484050750732422e-01 4.658516123890876770e-02 -2.305078878998756409e-02 -6.162800788879394531e+00 -4.651967808604240417e-02 9.989118576049804688e-01 3.368545323610305786e-03 -1.017863750457763672e-01 2.318263053894042969e-02 -2.291709184646606445e-03 9.997285008430480957e-01 -1.186573803424835205e-01
9.949412941932678223e-01 1.004540771245956421e-01 1.153659075498580933e-03 -4.719592094421386719e+00 -1.004103794693946838e-01 9.947420954704284668e-01 -2.014450915157794952e-02 -2.531747519969940186e-01 -3.171186894178390503e-03 1.992676965892314911e-02 9.997964501380920410e-01 4.852285981178283691e-02
9.879947900772094727e-01 -1.544276326894760132e-01 -4.267252981662750244e-03 -6.015963554382324219e+00 1.544816493988037109e-01 9.878070354461669922e-01 1.930167339742183685e-02 5.424952507019042969e-01 1.234509050846099854e-03 -1.972916163504123688e-02 9.998046755790710449e-01 -1.672337949275970459e-01
9.981563687324523926e-01 5.790885537862777710e-02 -1.817414164543151855e-02 -5.184086799621582031e+00 -5.827264487743377686e-02 9.980966448783874512e-01 -2.018018066883087158e-02 -7.040342688560485840e-01 1.697094365954399109e-02 2.120204083621501923e-02 9.996311664581298828e-01 1.828166842460632324e-02
9.995368123054504395e-01 -2.988530136644840240e-02 -5.806585773825645447e-03 -4.585612773895263672e+00 2.993826381862163544e-02 9.995092153549194336e-01 9.264615364372730255e-03 -8.284735083580017090e-01 5.526864901185035706e-03 -9.434137493371963501e-03 9.999402761459350586e-01 -8.178147673606872559e-02
9.999740123748779297e-01 4.945194814354181290e-03 5.224710330367088318e-03 -3.367239236831665039e+00 -4.954657983034849167e-03 9.999858736991882324e-01 1.810802146792411804e-03 -7.049937248229980469e-01 -5.215685814619064331e-03 -1.836644485592842102e-03 9.999846816062927246e-01 1.157462596893310547e-02
9.990992546081542969e-01 4.150172322988510132e-02 -8.850063197314739227e-03 -7.132361412048339844e+00 -4.147417470812797546e-02 9.991341233253479004e-01 3.262206912040710449e-03 3.557078838348388672e-01 8.977793157100677490e-03 -2.892221324145793915e-03 9.999555349349975586e-01 -1.640431582927703857e-01
9.998421072959899902e-01 -8.485515601933002472e-03 -1.561887469142675400e-02 -4.109328269958496094e+00 8.382153697311878204e-03 9.999429583549499512e-01 -6.670577451586723328e-03 -3.264569044113159180e-01 1.567458175122737885e-02 6.538590416312217712e-03 9.998558759689331055e-01 1.345285773277282715e-02
9.993262290954589844e-01 -2.982561290264129639e-02 -2.137619256973266602e-02 -5.730479240417480469e+00 2.992984838783740997e-02 9.995413422584533691e-01 4.572505131363868713e-03 -5.291372537612915039e-01 2.123000845313072205e-02 -5.209270864725112915e-03 9.997609257698059082e-01 -1.325621306896209717e-01
9.998381733894348145e-01 -1.799574680626392365e-02 -1.351116225123405457e-05 -3.091495037078857422e+00 1.799569278955459595e-02 9.998356699943542480e-01 2.150239422917366028e-03 -5.896779298782348633e-01 -2.518179826438426971e-05 -2.150135114789009094e-03 9.999976754188537598e-01 -1.631008982658386230e-01
9.998767375946044922e-01 4.965438507497310638e-03 -1.489480771124362946e-02 -4.195201396942138672e+00 -4.958744626492261887e-03 9.999876618385314941e-01 4.808320663869380951e-04 -8.644524216651916504e-02 1.489700935781002045e-02 -4.069108981639146805e-04 9.998889565467834473e-01 1.199888586997985840e-01
9.977275729179382324e-01 6.651799380779266357e-02 -1.074921339750289917e-02 -3.306949853897094727e+00 -6.655555218458175659e-02 9.977778792381286621e-01 -3.168721683323383331e-03 4.169670343399047852e-01 1.051455643028020859e-02 3.876935690641403198e-03 9.999371170997619629e-01 -1.168928444385528564e-01
9.928857684135437012e-01 1.189749166369438171e-01 4.709305241703987122e-03 -4.168899059295654297e+00 -1.190115362405776978e-01 9.928572177886962891e-01 8.441703394055366516e-03 -1.403045654296875000e+00 -3.671327605843544006e-03 -8.942112326622009277e-03 9.999533295631408691e-01 -8.141821622848510742e-02
9.985542893409729004e-01 -5.255695059895515442e-02 -1.125723216682672501e-02 -4.286178112030029297e+00 5.273455753922462463e-02 9.984783530235290527e-01 1.611492969095706940e-02 -2.420707702636718750e+00 1.039314363151788712e-02 -1.668528653681278229e-02 9.998068213462829590e-01 -1.604755520820617676e-01
9.997951984405517578e-01 -1.898803748190402985e-02 -6.990945897996425629e-03 -4.081506729125976562e+00 1.896571740508079529e-02 9.998145699501037598e-01 -3.244884312152862549e-03 -6.351270675659179688e-01 7.051269523799419403e-03 3.111698431894183159e-03 9.999702572822570801e-01 -1.811562776565551758e-01
9.999104738235473633e-01 9.642241522669792175e-03 -9.286735206842422485e-03 -4.015477180480957031e+00 -9.592188522219657898e-03 9.999393224716186523e-01 5.418939981609582901e-03 -4.482719898223876953e-01 9.338419884443283081e-03 -5.329375155270099640e-03 9.999422430992126465e-01 -1.715365350246429443e-01
9.982793331146240234e-01 -5.863814428448677063e-02 -1.037945039570331573e-04 -5.162422180175781250e+00 5.863774567842483521e-02 9.982768893241882324e-01 -2.178905997425317764e-03 -1.694734573364257812e+00 2.313829027116298676e-04 2.169069601222872734e-03 9.999976158142089844e-01 5.860745906829833984e-03
9.984142780303955078e-01 -5.628641322255134583e-02 -8.515613153576850891e-04 -4.748320579528808594e+00 5.628751590847969055e-02 9.984138607978820801e-01 1.536597497761249542e-03 -3.970206379890441895e-01 7.637208327651023865e-04 -1.582094468176364899e-03 9.999985694885253906e-01 -1.566776633262634277e-02
9.972984790802001953e-01 7.265757024288177490e-02 -1.077706646174192429e-02 -2.966025829315185547e+00 -7.268169522285461426e-02 9.973532557487487793e-01 -1.868561841547489166e-03 1.110132932662963867e-01 1.061277277767658234e-02 2.646822482347488403e-03 9.999401569366455078e-01 -8.736974000930786133e-02
9.998577237129211426e-01 -1.665328443050384521e-02 2.659337595105171204e-03 -3.165995359420776367e+00 1.663831993937492371e-02 9.998458623886108398e-01 5.605333019047975540e-03 -2.719049453735351562e-01 -2.752280794084072113e-03 -5.560289137065410614e-03 9.999807476997375488e-01 6.317734718322753906e-03
9.989644885063171387e-01 4.253552481532096863e-02 -1.614519208669662476e-02 -4.499859333038330078e+00 -4.237075150012969971e-02 9.990475773811340332e-01 1.041330769658088684e-02 -1.412856578826904297e-02 1.657276600599288940e-02 -9.718440473079681396e-03 9.998154044151306152e-01 -8.457645773887634277e-02
9.990182518959045410e-01 5.399622954428195953e-03 -4.397115856409072876e-02 -3.965697765350341797e+00 -5.961474496871232986e-03 9.999022483825683594e-01 -1.265676133334636688e-02 1.709178835153579712e-01 4.389851167798042297e-02 1.290647685527801514e-02 9.989526867866516113e-01 -2.757199108600616455e-02
9.997652769088745117e-01 -2.160632796585559845e-02 -1.628292724490165710e-03 -4.752226352691650391e+00 2.162215113639831543e-02 9.997112154960632324e-01 1.049131713807582855e-02 1.430620431900024414e+00 1.401148736476898193e-03 -1.052406243979930878e-02 9.999436140060424805e-01 -1.392502188682556152e-01
9.997473955154418945e-01 2.222573757171630859e-02 -3.320616669952869415e-03 -3.853024482727050781e+00 -2.222685329616069794e-02 9.997531175613403320e-01 -3.016041591763496399e-04 -4.207988977432250977e-01 3.313083201646804810e-03 3.752596676349639893e-04 9.999944567680358887e-01 4.854395985603332520e-02
9.963964223861694336e-01 -8.333719521760940552e-02 -1.579708233475685120e-02 -5.525943279266357422e+00 8.340929448604583740e-02 9.965075254440307617e-01 3.958935849368572235e-03 4.517340660095214844e-02 1.541199535131454468e-02 -5.262264981865882874e-03 9.998672008514404297e-01 -1.385399401187896729e-01
9.996735453605651855e-01 2.501209639012813568e-02 -5.246385931968688965e-03 -4.417367458343505859e+00 -2.511115930974483490e-02 9.994898438453674316e-01 -1.975530944764614105e-02 -3.013230562210083008e-01 4.749586805701255798e-03 1.988055184483528137e-02 9.997910261154174805e-01 6.714776158332824707e-02
9.995326399803161621e-01 2.934621088206768036e-02 -8.586912415921688080e-03 -3.214969873428344727e+00 -2.929464168846607208e-02 9.995524287223815918e-01 6.074856035411357880e-03 -1.019059658050537109e+00 8.761347271502017975e-03 -5.820452235639095306e-03 9.999446868896484375e-01 -6.649771332740783691e-02
9.997183084487915039e-01 -1.635691267438232899e-03 -2.368097193539142609e-02 -4.689159870147705078e+00 1.780792488716542721e-03 9.999799728393554688e-01 6.107805296778678894e-03 4.294813275337219238e-01 2.367050200700759888e-02 -6.148243322968482971e-03 9.997009038925170898e-01 -7.038551568984985352e-02
9.961341023445129395e-01 8.692458271980285645e-02 -1.270323432981967926e-02 -4.305333137512207031e+00 -8.691316097974777222e-02 9.962151646614074707e-01 1.449684612452983856e-03 -5.031666755676269531e-01 1.278116740286350250e-02 -3.399872221052646637e-04 9.999182224273681641e-01 1.139155030250549316e-02
9.964924454689025879e-01 -7.654757052659988403e-02 3.381808102130889893e-02 -3.651850223541259766e+00 7.650355994701385498e-02 9.970659613609313965e-01 2.598482882604002953e-03 -3.694407939910888672e-01 -3.391776978969573975e-02 -2.179760485887527466e-06 9.994245767593383789e-01 4.337262213230133057e-01
9.961802959442138672e-01 -8.732031285762786865e-02 2.408884465694427490e-04 -2.164132118225097656e+00 8.731504529714584351e-02 9.960817098617553711e-01 -1.405834220349788666e-02 -8.518401384353637695e-01 9.876359254121780396e-04 1.402569934725761414e-02 9.999010562896728516e-01 -5.456805229187011719e-03
9.907835721969604492e-01 1.353072077035903931e-01 -6.304091773927211761e-03 -2.618318080902099609e+00 -1.353327035903930664e-01 9.907925128936767578e-01 -3.823699662461876869e-03 -1.093495607376098633e+00 5.728673189878463745e-03 4.641601815819740295e-03 9.999728202819824219e-01 -1.337550580501556396e-01
9.983396530151367188e-01 1.429660432040691376e-02 -5.579774081707000732e-02 -3.766118288040161133e+00 -1.713542267680168152e-02 9.985652565956115723e-01 -5.073483288288116455e-02 3.503105640411376953e-01 5.499234423041343689e-02 5.160671845078468323e-02 9.971523284912109375e-01 -3.252482712268829346e-01
9.996805787086486816e-01 -2.417644485831260681e-02 -7.384767755866050720e-03 -4.737569332122802734e+00 2.425452880561351776e-02 9.996489882469177246e-01 1.065511163324117661e-02 -1.303163051605224609e+00 7.124578580260276794e-03 -1.083081960678100586e-02 9.999158978462219238e-01 -6.937602162361145020e-02
9.916230440139770508e-01 -1.291045844554901123e-01 -3.929347731173038483e-03 -4.804930210113525391e+00 1.291199028491973877e-01 9.916213154792785645e-01 3.911406733095645905e-03 -3.849290609359741211e-01 3.391437232494354248e-03 -4.385988228023052216e-03 9.999845623970031738e-01 -1.280294656753540039e-01
9.980167150497436523e-01 -4.480474069714546204e-02 4.421783238649368286e-02 -1.761428356170654297e+00 4.649215936660766602e-02 9.981994032859802246e-01 -3.790052980184555054e-02 -3.129917383193969727e-01 -4.244008660316467285e-02 3.988113999366760254e-02 9.983028173446655273e-01 -1.971177905797958374e-01
9.889678359031677246e-01 1.473990082740783691e-01 -1.471088826656341553e-02 -3.767894506454467773e+00 -1.474882364273071289e-01 9.890503883361816406e-01 -5.171416793018579483e-03 -6.622664928436279297e-01 1.378755271434783936e-02 7.284008897840976715e-03 9.998784065246582031e-01 4.922389984130859375e-02
9.991864562034606934e-01 -3.741263598203659058e-02 -1.504373829811811447e-02 -5.757930278778076172e+00 3.794870525598526001e-02 9.985911250114440918e-01 3.708662092685699463e-02 -3.026394844055175781e-01 1.363503746688365936e-02 -3.762734681367874146e-02 9.991986751556396484e-01 -1.152593195438385010e-01
9.990203976631164551e-01 -4.339360818266868591e-02 -8.685057982802391052e-03 -6.840163707733154297e+00 4.347006976604461670e-02 9.990156888961791992e-01 8.822396397590637207e-03 4.500904083251953125e-01 8.293677121400833130e-03 -9.191325865685939789e-03 9.999233484268188477e-01 -1.427550911903381348e-01
9.889950156211853027e-01 1.474516391754150391e-01 -1.212501339614391327e-02 -3.619727373123168945e+00 -1.474186927080154419e-01 9.890677928924560547e-01 3.581379540264606476e-03 4.030767679214477539e-01 1.252054143697023392e-02 -1.754509285092353821e-03 9.999200105667114258e-01 -6.360009312629699707e-02
9.999462962150573730e-01 8.153126575052738190e-03 -6.344731897115707397e-03 -3.917080402374267578e+00 -8.170628920197486877e-03 9.999628067016601562e-01 -2.740025520324707031e-03 -6.597903370857238770e-01 6.322147324681282043e-03 2.791712060570716858e-03 9.999761581420898438e-01 4.284629225730895996e-02
9.990983605384826660e-01 4.241735488176345825e-02 -1.941125839948654175e-03 -4.849651336669921875e+00 -4.242078959941864014e-02 9.990987181663513184e-01 -1.727083697915077209e-03 1.753346323966979980e-01 1.866127364337444305e-03 1.807861961424350739e-03 9.999966621398925781e-01 4.373735189437866211e-02
9.785936474800109863e-01 2.056553363800048828e-01 -7.790230214595794678e-03 -3.647618055343627930e+00 -2.056885659694671631e-01 9.786106348037719727e-01 -3.712499514222145081e-03 -7.872631549835205078e-01 6.860103458166122437e-03 5.235389806330204010e-03 9.999628663063049316e-01 1.153334975242614746e-02
9.997728466987609863e-01 -2.022836916148662567e-02 6.710873916745185852e-03 -4.480504035949707031e+00 2.014490589499473572e-02 9.997212886810302734e-01 1.229578163474798203e-02 5.708861351013183594e-02 -6.957734003663063049e-03 -1.215779595077037811e-02 9.999018907546997070e-01 -4.252162575721740723e-02
9.992998838424682617e-01 3.731824457645416260e-02 2.700738608837127686e-03 -4.432595252990722656e+00 -3.732131049036979675e-02 9.993027448654174805e-01 1.094657927751541138e-03 -7.291104793548583984e-01 -2.658002078533172607e-03 -1.194693148136138916e-03 9.999958872795104980e-01 5.255830287933349609e-02
9.991829991340637207e-01 4.030762240290641785e-02 -2.969127148389816284e-03 -4.160420417785644531e+00 -4.033499211072921753e-02 9.991374015808105469e-01 -9.878098964691162109e-03 -2.254609763622283936e-01 2.568414434790611267e-03 9.989785030484199524e-03 9.999466538429260254e-01 -2.782747149467468262e-02
9.947035908699035645e-01 -1.024079695343971252e-01 -8.809689432382583618e-03 -4.239966392517089844e+00 1.025023981928825378e-01 9.946714043617248535e-01 1.103419810533523560e-02 8.662011623382568359e-01 7.632754743099212646e-03 -1.187870837748050690e-02 9.999001622200012207e-01 -2.622273564338684082e-02
9.994977116584777832e-01 -3.169129043817520142e-02 -1.074317842721939087e-04 -4.700532436370849609e+00 3.169125318527221680e-02 9.994698762893676758e-01 7.425749674439430237e-03 -2.350251674652099609e-01 -1.279562711715698242e-04 -7.425409741699695587e-03 9.999723434448242188e-01 -1.687514781951904297e-01
9.962365627288818359e-01 -8.650844544172286987e-02 -5.403086543083190918e-03 -4.752033710479736328e+00 8.654101192951202393e-02 9.962299466133117676e-01 6.125333718955516815e-03 2.092850208282470703e-02 4.852824844419956207e-03 -6.569864228367805481e-03 9.999666213989257812e-01 -1.145969629287719727e-01
9.997656345367431641e-01 -1.505639590322971344e-02 -1.556488312780857086e-02 -4.907324314117431641e+00 1.520629785954952240e-02 9.998385310173034668e-01 9.559512138366699219e-03 -2.352456092834472656e+00 1.541843917220830917e-02 -9.793959558010101318e-03 9.998332262039184570e-01 -8.702379465103149414e-02
9.999116659164428711e-01 -1.278964430093765259e-02 3.522254526615142822e-03 -4.869081497192382812e+00 1.279381290078163147e-02 9.999175071716308594e-01 -1.192748546600341797e-03 -6.645619869232177734e-01 -3.506723791360855103e-03 1.237720251083374023e-03 9.999931454658508301e-01 -4.092791676521301270e-02
9.991369843482971191e-01 3.591622412204742432e-02 -2.086526155471801758e-02 -3.893201112747192383e+00 -3.620927780866622925e-02 9.992483854293823242e-01 -1.384375337511301041e-02 6.875009536743164062e-01 2.035235986113548279e-02 1.458732597529888153e-02 9.996864199638366699e-01 -1.308507025241851807e-01
9.992483258247375488e-01 -3.500753641128540039e-02 -1.666658744215965271e-02 -5.228590965270996094e+00 3.516882658004760742e-02 9.993366003036499023e-01 9.484156966209411621e-03 3.194861412048339844e-01 1.632352545857429504e-02 -1.006291806697845459e-02 9.998162984848022461e-01 -1.080586314201354980e-01
9.904084205627441406e-01 1.380980312824249268e-01 -4.466576501727104187e-03 -5.223205566406250000e+00 -1.381288170814514160e-01 9.903856515884399414e-01 -7.528214715421199799e-03 6.725406646728515625e-02 3.384004347026348114e-03 8.072946220636367798e-03 9.999616146087646484e-01 4.700407385826110840e-02
9.996023178100585938e-01 -9.319297038018703461e-03 -2.660386264324188232e-02 -5.065622806549072266e+00 9.691137820482254028e-03 9.998564124107360840e-01 1.388122234493494034e-02 -6.048651337623596191e-01 2.647068724036216736e-02 -1.413355208933353424e-02 9.995495676994323730e-01 -9.608229994773864746e-02
9.996163845062255859e-01 2.443145774304866791e-02 -1.304540224373340607e-02 -4.442644119262695312e+00 -2.428649924695491791e-02 9.996430873870849609e-01 1.115680485963821411e-02 -8.236413002014160156e-01 1.331332512199878693e-02 -1.083568856120109558e-02 9.998525977134704590e-01 -1.269555091857910156e-01
9.959200620651245117e-01 9.021814912557601929e-02 -2.008266746997833252e-03 -4.781387329101562500e+00 -9.023229032754898071e-02 9.952819347381591797e-01 -3.567117452621459961e-02 -4.231691360473632812e-03 -1.219391822814941406e-03 3.570683300495147705e-02 9.993615150451660156e-01 -9.449358284473419189e-02
9.998682141304016113e-01 -1.440681889653205872e-02 -7.480036467313766479e-03 -5.890188217163085938e+00 1.443030871450901031e-02 9.998908638954162598e-01 3.094068728387355804e-03 -8.152218461036682129e-01 7.434645667672157288e-03 -3.201613202691078186e-03 9.999672174453735352e-01 -7.075923681259155273e-02
9.976998567581176758e-01 6.730525940656661987e-02 -8.046587929129600525e-03 -5.083872795104980469e+00 -6.745354086160659790e-02 9.975247979164123535e-01 -1.984927989542484283e-02 -4.649798870086669922e-01 6.690708920359611511e-03 2.034648135304450989e-02 9.997705817222595215e-01 3.232061862945556641e-02
9.976692199707031250e-01 -6.618250906467437744e-02 -1.661645993590354919e-02 -3.725290298461914062e+00 6.615593284368515015e-02 9.978073239326477051e-01 -2.143209334462881088e-03 -1.274423480033874512e+00 1.672186329960823059e-02 1.038935966789722443e-03 9.998596906661987305e-01 -3.427347540855407715e-02
9.972664117813110352e-01 7.038235664367675781e-02 -2.249585092067718506e-02 -2.439482688903808594e+00 -7.043831795454025269e-02 9.975146651268005371e-01 -1.704181777313351631e-03 2.433359622955322266e-03 2.231999486684799194e-02 3.284089965745806694e-03 9.997454881668090820e-01 -7.353574037551879883e-03
9.982699751853942871e-01 5.800842121243476868e-02 -9.623492136597633362e-03 -4.125593662261962891e+00 -5.804581195116043091e-02 9.983072876930236816e-01 -3.664612304419279099e-03 -8.045277595520019531e-01 9.394634515047073364e-03 4.216879140585660934e-03 9.999470114707946777e-01 -5.158728361129760742e-02
9.948793053627014160e-01 9.841538220643997192e-02 -2.300797775387763977e-02 -5.005400657653808594e+00 -9.822131693363189697e-02 9.951201677322387695e-01 9.429492056369781494e-03 -3.143652677536010742e-01 2.382370270788669586e-02 -7.121334783732891083e-03 9.996909499168395996e-01 -1.654633879661560059e-02
9.970303177833557129e-01 7.674726098775863647e-02 -6.378600373864173889e-03 -4.266998291015625000e+00 -7.678707689046859741e-02 9.970276355743408203e-01 -6.274687591940164566e-03 -2.440091818571090698e-01 5.878075957298278809e-03 6.745855789631605148e-03 9.999600052833557129e-01 5.881932377815246582e-02
9.995982050895690918e-01 2.778678387403488159e-02 -5.577864125370979309e-03 -4.625206470489501953e+00 -2.782225981354713440e-02 9.995927810668945312e-01 -6.349724717438220978e-03 -6.623107194900512695e-01 5.399148911237716675e-03 6.502347066998481750e-03 9.999642968177795410e-01 -4.584914445877075195e-02
9.980537295341491699e-01 -6.146610528230667114e-02 1.051122602075338364e-02 -4.598207473754882812e+00 6.048537418246269226e-02 9.952266812324523926e-01 7.658481597900390625e-02 -1.140211105346679688e+00 -1.516842190176248550e-02 -7.579998672008514404e-02 9.970076680183410645e-01 8.468855917453765869e-02
9.987595677375793457e-01 4.796400293707847595e-02 -1.335910335183143616e-02 -3.192423820495605469e+00 -4.797573015093803406e-02 9.988481998443603516e-01 -5.462979897856712341e-04 -2.819094657897949219e-01 1.331751421093940735e-02 1.186512410640716553e-03 9.999106526374816895e-01 5.816957354545593262e-02
9.984869956970214844e-01 -5.295985192060470581e-02 -1.480677165091037750e-02 -3.047991275787353516e+00 5.293430015444755554e-02 9.985957145690917969e-01 -2.113197930157184601e-03 -2.391137480735778809e-01 1.489789783954620361e-02 1.326215453445911407e-03 9.998880624771118164e-01 -6.430423259735107422e-02
9.998612999916076660e-01 -1.533506345003843307e-02 -6.533294916152954102e-03 -4.484561920166015625e+00 1.533890981227159500e-02 9.998821616172790527e-01 5.352543666958808899e-04 -6.168079376220703125e-01 6.524322554469108582e-03 -6.354199722409248352e-04 9.999785423278808594e-01 -2.074420452117919922e-02
9.948386549949645996e-01 1.012532040476799011e-01 -6.646955385804176331e-03 -3.942550182342529297e+00 -1.011978983879089355e-01 9.948324561119079590e-01 8.227935992181301117e-03 -9.116041660308837891e-01 7.445717230439186096e-03 -7.512813899666070938e-03 9.999440312385559082e-01 -5.406013131141662598e-02
9.897825717926025391e-01 1.423514932394027710e-01 -8.165334351360797882e-03 -2.832392454147338867e+00 -1.424337774515151978e-01 9.897481799125671387e-01 -1.057044789195060730e-02 -3.315150141716003418e-01 6.576905027031898499e-03 1.162546128034591675e-02 9.999108910560607910e-01 -5.160680413246154785e-02
9.994568824768066406e-01 3.248133882880210876e-02 5.550022237002849579e-03 -4.235388755798339844e+00 -3.249972313642501831e-02 9.994663000106811523e-01 3.271520137786865234e-03 2.790191173553466797e-01 -5.440797656774520874e-03 -3.450093790888786316e-03 9.999791383743286133e-01 -8.295357227325439453e-03
9.874013066291809082e-01 -1.581555753946304321e-01 -5.061449483036994934e-03 -5.205541133880615234e+00 1.582322120666503906e-01 9.871069192886352539e-01 2.413772046566009521e-02 -6.395661830902099609e-02 1.178678125143051147e-03 -2.463450655341148376e-02 9.996957182884216309e-01 -6.938633322715759277e-02
9.975232481956481934e-01 -6.918304413557052612e-02 -1.268319785594940186e-02 -5.599551677703857422e+00 6.916709244251251221e-02 9.976033568382263184e-01 -1.689668744802474976e-03 -3.803409337997436523e-01 1.276969537138938904e-02 8.082427084445953369e-04 9.999182224273681641e-01 -3.917163610458374023e-02
9.998441338539123535e-01 6.836781278252601624e-03 -1.627273857593536377e-02 -4.425459861755371094e+00 -7.085993420332670212e-03 9.998579025268554688e-01 -1.530500873923301697e-02 3.645762801170349121e-01 1.616578176617622375e-02 1.541795954108238220e-02 9.997504353523254395e-01 3.581401705741882324e-02
9.949576258659362793e-01 9.975385665893554688e-02 -1.042714715003967285e-02 -3.673410654067993164e+00 -9.973107278347015381e-02 9.950109720230102539e-01 2.686629071831703186e-03 -3.190730810165405273e-01 1.064313389360904694e-02 -1.633165404200553894e-03 9.999420046806335449e-01 -3.591674566268920898e-02
9.990747570991516113e-01 4.139794409275054932e-02 -1.165387313812971115e-02 -3.763279914855957031e+00 -4.131085053086280823e-02 9.991173148155212402e-01 7.616968825459480286e-03 2.799921631813049316e-01 1.195891201496124268e-02 -7.128495723009109497e-03 9.999030828475952148e-01 -1.053701043128967285e-01
9.951142072677612305e-01 9.470653533935546875e-02 -2.789678424596786499e-02 -4.607569217681884766e+00 -9.480942040681838989e-02 9.954925179481506348e-01 -2.385917352512478828e-03 -3.243177533149719238e-01 2.754508145153522491e-02 5.019138101488351822e-03 9.996078610420227051e-01 1.508232951164245605e-02
9.999423027038574219e-01 8.533287793397903442e-03 -6.544179283082485199e-03 -4.273228645324707031e+00 -8.604762144386768341e-03 9.999032020568847656e-01 -1.096473075449466705e-02 -2.400811165571212769e-01 6.449983455240726471e-03 1.102039963006973267e-02 9.999184608459472656e-01 4.504635930061340332e-02
9.994277358055114746e-01 2.618191391229629517e-02 -2.142719924449920654e-02 -4.903590202331542969e+00 -2.633498981595039368e-02 9.996296167373657227e-01 -6.895316764712333679e-03 -2.414931058883666992e-01 2.123872935771942139e-02 7.455637678503990173e-03 9.997466206550598145e-01 8.666217327117919922e-04
9.991126656532287598e-01 4.131219163537025452e-02 -8.200075477361679077e-03 -4.479877948760986328e+00 -4.144366085529327393e-02 9.990034103393554688e-01 -1.656715013086795807e-02 -4.207920730113983154e-01 7.507482543587684631e-03 1.689227111637592316e-02 9.998291134834289551e-01 9.336620569229125977e-03
9.951832890510559082e-01 9.684509038925170898e-02 -1.520838961005210876e-02 -4.364234447479248047e+00 -9.691151976585388184e-02 9.952861070632934570e-01 -3.703975118696689606e-03 -1.015032887458801270e+00 1.477799192070960999e-02 5.160006694495677948e-03 9.998773932456970215e-01 5.112951993942260742e-02
9.991020560264587402e-01 3.757682815194129944e-02 -1.957453601062297821e-02 -4.634803771972656250e+00 -3.775593265891075134e-02 9.992477297782897949e-01 -8.862406946718692780e-03 -3.207443952560424805e-01 1.922678761184215546e-02 9.593594819307327271e-03 9.997690320014953613e-01 -4.983547329902648926e-02
9.998992681503295898e-01 1.391430106014013290e-02 -2.805443480610847473e-03 -2.707798719406127930e+00 -1.389102172106504440e-02 9.998704195022583008e-01 8.147266693413257599e-03 1.041394472122192383e+00 2.918446436524391174e-03 -8.107459172606468201e-03 9.999629855155944824e-01 6.283655762672424316e-02
9.879074096679687500e-01 -1.545493900775909424e-01 -1.239641848951578140e-02 -4.415341377258300781e+00 1.547187119722366333e-01 9.878575205802917480e-01 1.411649305373430252e-02 -4.593342542648315430e-01 1.006420515477657318e-02 -1.586375758051872253e-02 9.998235106468200684e-01 -9.251761436462402344e-02
9.998289942741394043e-01 -1.415483560413122177e-02 -1.190245710313320160e-02 -4.020781040191650391e+00 1.420111395418643951e-02 9.998921155929565430e-01 3.825373947620391846e-03 -3.225633144378662109e+00 1.184702105820178986e-02 -3.993740305304527283e-03 9.999218583106994629e-01 -1.900091767311096191e-02
9.952105283737182617e-01 -9.751949459314346313e-02 -6.797165609896183014e-03 -6.524511337280273438e+00 9.758897870779037476e-02 9.951687455177307129e-01 1.076066121459007263e-02 4.318094253540039062e-01 5.714953411370515823e-03 -1.137243583798408508e-02 9.999189376831054688e-01 -1.049640178680419922e-01
9.989243149757385254e-01 -4.225239902734756470e-02 -1.909301429986953735e-02 -5.429765224456787109e+00 4.242777079343795776e-02 9.990598559379577637e-01 8.878852240741252899e-03 -5.778056979179382324e-01 1.869991235435009003e-02 -9.679390117526054382e-03 9.997783303260803223e-01 -4.536867141723632812e-03
9.954996705055236816e-01 -9.324207156896591187e-02 -1.692729070782661438e-02 -5.099934101104736328e+00 9.318152070045471191e-02 9.956399202346801758e-01 -4.330842755734920502e-03 -1.978002548217773438e+00 1.725730299949645996e-02 2.734038513153791428e-03 9.998472929000854492e-01 -3.874054551124572754e-02
9.978414773941040039e-01 6.440377980470657349e-02 -1.283936295658349991e-02 -2.926025867462158203e+00 -6.438560783863067627e-02 9.979233145713806152e-01 1.823338679969310760e-03 3.707325458526611328e-01 1.293013803660869598e-02 -9.928541257977485657e-04 9.999158978462219238e-01 -1.128034591674804688e-01
9.970850348472595215e-01 7.613786309957504272e-02 -4.949541762471199036e-03 -4.525778293609619141e+00 -7.613797485828399658e-02 9.970972537994384766e-01 1.750709488987922668e-04 -5.491731166839599609e-01 4.948502406477928162e-03 2.022839616984128952e-04 9.999877214431762695e-01 6.436762213706970215e-02
9.997683167457580566e-01 1.659106463193893433e-02 -1.369605213403701782e-02 -5.609037399291992188e+00 -1.669905148446559906e-02 9.998300075531005859e-01 -7.795966230332851410e-03 -5.368789434432983398e-01 1.356437895447015762e-02 8.022865280508995056e-03 9.998758435249328613e-01 -3.062152862548828125e-02
9.999129176139831543e-01 -1.220837142318487167e-02 -5.056882277131080627e-03 -4.687477588653564453e+00 1.227325946092605591e-02 9.998402595520019531e-01 1.300130411982536316e-02 -5.069342851638793945e-01 4.897351376712322235e-03 -1.306221634149551392e-02 9.999027252197265625e-01 2.140891551971435547e-02
9.951561689376831055e-01 9.726616740226745605e-02 -1.425041165202856064e-02 -3.215613365173339844e+00 -9.734836965799331665e-02 9.952368140220642090e-01 -5.193977151066064835e-03 -3.409002721309661865e-01 1.367733068764209747e-02 6.556070409715175629e-03 9.998850226402282715e-01 -3.610157966613769531e-02
9.999907016754150391e-01 3.156997729092836380e-03 2.936942735686898232e-03 -3.248114585876464844e+00 -3.145573893561959267e-03 9.999873042106628418e-01 -3.892569802701473236e-03 -6.003495454788208008e-01 -2.949194284155964851e-03 3.883292898535728455e-03 9.999880790710449219e-01 3.866365551948547363e-02
9.939399957656860352e-01 1.081901192665100098e-01 -1.945424452424049377e-02 -3.293821096420288086e+00 -1.083388701081275940e-01 9.940910935401916504e-01 -6.758764386177062988e-03 -1.732701063156127930e-01 1.860805600881576538e-02 8.825517259538173676e-03 9.997879266738891602e-01 -7.289120554924011230e-02
9.995704889297485352e-01 2.791582792997360229e-02 -8.923024870455265045e-03 -4.507455825805664062e+00 -2.790586650371551514e-02 9.996098279953002930e-01 1.237891614437103271e-03 -1.040393948554992676e+00 8.954105898737907410e-03 -9.883902966976165771e-04 9.999594092369079590e-01 -6.839197874069213867e-02
9.974737167358398438e-01 -7.055922597646713257e-02 -8.204311132431030273e-03 -4.988963127136230469e+00 7.053549587726593018e-02 9.975041151046752930e-01 -3.144533373415470123e-03 -8.999824523925781250e-02 8.405714295804500580e-03 2.557899802923202515e-03 9.999614357948303223e-01 -1.815694272518157959e-01
9.993805885314941406e-01 2.316624391824007034e-03 -3.511530533432960510e-02 -4.088596820831298828e+00 -1.822937978431582451e-03 9.998989701271057129e-01 1.408395078033208847e-02 -2.160301208496093750e-01 3.514439612627029419e-02 -1.401122659444808960e-02 9.992839694023132324e-01 -6.967937946319580078e-02
9.969327449798583984e-01 7.811842113733291626e-02 -4.751088097691535950e-03 -4.084242343902587891e+00 -7.809759676456451416e-02 9.969359040260314941e-01 4.416268784552812576e-03 2.525521516799926758e-01 5.081525072455406189e-03 -4.031670745462179184e-03 9.999788999557495117e-01 8.783304691314697266e-02
9.997283220291137695e-01 2.056637220084667206e-02 -1.096769608557224274e-02 -5.278031349182128906e+00 -2.041989378631114960e-02 9.997028112411499023e-01 1.330192573368549347e-02 -6.600397825241088867e-02 1.123800687491893768e-02 -1.307431329041719437e-02 9.998514056205749512e-01 -8.319556713104248047e-02
9.993068575859069824e-01 3.388838469982147217e-02 -1.539727859199047089e-02 -3.618887662887573242e+00 -3.398345783352851868e-02 9.994046092033386230e-01 -5.963340401649475098e-03 5.319961309432983398e-01 1.518601737916469574e-02 6.482462398707866669e-03 9.998637437820434570e-01 -1.163420677185058594e-01
9.978867769241333008e-01 -6.358250230550765991e-02 -1.339628454297780991e-02 -4.375788211822509766e+00 6.362849473953247070e-02 9.979691505432128906e-01 3.035843372344970703e-03 1.936570405960083008e-01 1.317605096846818924e-02 -3.881867974996566772e-03 9.999055862426757812e-01 -6.282946467399597168e-02
9.999001622200012207e-01 1.158718951046466827e-02 -8.077684789896011353e-03 -2.499304533004760742e+00 -1.155475433915853500e-02 9.999248981475830078e-01 4.050713963806629181e-03 9.711636900901794434e-01 8.124014362692832947e-03 -3.956976346671581268e-03 9.999591112136840820e-01 4.116547107696533203e-02
9.954048395156860352e-01 9.457919746637344360e-02 -1.494683511555194855e-02 -4.471068382263183594e+00 -9.446334093809127808e-02 9.954938292503356934e-01 8.278016000986099243e-03 -3.605066537857055664e-01 1.566240936517715454e-02 -6.828062236309051514e-03 9.998539090156555176e-01 3.706663846969604492e-02
9.989480972290039062e-01 -4.574274644255638123e-02 -3.203031606972217560e-03 -5.686105728149414062e+00 4.577636718750000000e-02 9.988871216773986816e-01 1.135168503969907761e-02 -3.017448186874389648e-01 2.680212259292602539e-03 -1.148635800927877426e-02 9.999303817749023438e-01 -5.206325650215148926e-02
9.965825080871582031e-01 8.248300850391387939e-02 -4.430411383509635925e-03 -3.878427267074584961e+00 -8.250549435615539551e-02 9.965773224830627441e-01 -5.169582087546586990e-03 -1.732148647308349609e+00 3.988828510046005249e-03 5.517445039004087448e-03 9.999768733978271484e-01 6.724208593368530273e-03
9.964250326156616211e-01 8.171173930168151855e-02 2.145590633153915405e-02 -3.673932552337646484e+00 -8.205681294202804565e-02 9.965035319328308105e-01 1.572625152766704559e-02 -7.924029827117919922e-01 -2.009586989879608154e-02 -1.743063330650329590e-02 9.996461272239685059e-01 -5.439460277557373047e-03
9.993824362754821777e-01 -3.243875876069068909e-02 -1.351219415664672852e-02 -2.138366222381591797e+00 3.253219276666641235e-02 9.994477033615112305e-01 6.748881656676530838e-03 -2.374053478240966797e+00 1.328580547124147415e-02 -7.184301968663930893e-03 9.998859167098999023e-01 -3.181061148643493652e-02
9.999384880065917969e-01 4.264982417225837708e-03 -1.021245587617158890e-02 -2.397186756134033203e+00 -4.183784127235412598e-03 9.999592304229736328e-01 7.971761748194694519e-03 -1.019552230834960938e+00 1.024603098630905151e-02 -7.928552106022834778e-03 9.999161362648010254e-01 -1.480904221534729004e-02
9.920755624771118164e-01 1.255207806825637817e-01 5.517095327377319336e-03 -3.607826709747314453e+00 -1.255827397108078003e-01 9.919998645782470703e-01 1.285706367343664169e-02 -7.655285000801086426e-01 -3.859126940369606018e-03 -1.344804465770721436e-02 9.999020695686340332e-01 -8.521324396133422852e-02
9.992538094520568848e-01 3.181710094213485718e-02 -2.189832180738449097e-02 -6.018559932708740234e+00 -3.184625506401062012e-02 9.994921088218688965e-01 -9.834468364715576172e-04 -3.585610985755920410e-01 2.185591123998165131e-02 1.680111512541770935e-03 9.997597932815551758e-01 -6.310847401618957520e-02
9.999418854713439941e-01 1.060959603637456894e-02 1.871276181191205978e-03 -1.331509113311767578e+00 -1.063065789639949799e-02 9.998750686645507812e-01 1.169873308390378952e-02 9.969071149826049805e-01 -1.746924128383398056e-03 -1.171794906258583069e-02 9.999297261238098145e-01 -9.920364618301391602e-02
9.956502318382263184e-01 9.167495369911193848e-02 -1.659627445042133331e-02 -4.404463291168212891e+00 -9.208989143371582031e-02 9.954043626785278320e-01 -2.625317312777042389e-02 8.551090955734252930e-03 1.411323994398117065e-02 2.766736969351768494e-02 9.995175004005432129e-01 -5.854785442352294922e-03
9.991136789321899414e-01 4.163583740592002869e-02 6.171207875013351440e-03 -4.367376804351806641e+00 -4.166078940033912659e-02 9.991241693496704102e-01 3.963055089116096497e-03 3.039910197257995605e-01 -6.000795401632785797e-03 -4.216637462377548218e-03 9.999730587005615234e-01 3.345528244972229004e-02
9.969039559364318848e-01 7.843441516160964966e-02 -5.518337711691856384e-03 -4.219686985015869141e+00 -7.847716659307479858e-02 9.968832731246948242e-01 -8.033125661313533783e-03 -5.863159298896789551e-01 4.871069453656673431e-03 8.441317826509475708e-03 9.999524950981140137e-01 -6.003558635711669922e-02
9.999324679374694824e-01 8.485483005642890930e-03 -7.976059801876544952e-03 -5.648450851440429688e+00 -8.411922492086887360e-03 9.999225735664367676e-01 9.213952347636222839e-03 6.105661392211914062e-01 8.053625002503395081e-03 -9.146241471171379089e-03 9.999257326126098633e-01 -1.025436222553253174e-01
