9.999080896377563477e-01 1.319555006921291351e-02 -3.042659256607294083e-03 -4.802762508392333984e+00 -1.316462364047765732e-02 9.998635053634643555e-01 9.969577193260192871e-03 1.013591289520263672e-01 3.173799486830830574e-03 -9.928716346621513367e-03 9.999456405639648438e-01 -1.045738458633422852e-01
9.940937757492065430e-01 -1.084403768181800842e-01 -4.300237633287906647e-03 -2.897894382476806641e+00 1.084057316184043884e-01 9.940776228904724121e-01 -7.604004815220832825e-03 -1.041976213455200195e-01 5.099358037114143372e-03 7.092978805303573608e-03 9.999618530273437500e-01 -4.067748785018920898e-03
9.998710155487060547e-01 -1.233856752514839172e-02 -1.026366371661424637e-02 -5.258834362030029297e+00 1.257004402577877045e-02 9.996609687805175781e-01 2.280307374894618988e-02 1.765040159225463867e-01 9.978825226426124573e-03 -2.292915433645248413e-02 9.996872544288635254e-01 -7.514536380767822266e-03
9.829440116882324219e-01 -1.837592869997024536e-01 -7.280626334249973297e-03 -3.428592681884765625e+00 1.837895512580871582e-01 9.829584360122680664e-01 3.723900765180587769e-03 -4.904561340808868408e-01 6.472247187048196793e-03 -4.998482298105955124e-03 9.999666810035705566e-01 -7.031485438346862793e-02
9.968239068984985352e-01 7.954496145248413086e-02 -3.804645501077175140e-03 -5.360140800476074219e+00 -7.948089390993118286e-02 9.967274665832519531e-01 1.473836414515972137e-02 6.529207229614257812e-01 4.964551888406276703e-03 -1.438915729522705078e-02 9.998841285705566406e-01 -1.331821680068969727e-01
9.998853802680969238e-01 -1.393299736082553864e-02 -5.935798399150371552e-03 -4.899584770202636719e+00 1.396655943244695663e-02 9.998864531517028809e-01 5.649597384035587311e-03 8.019518852233886719e-02 5.856409668922424316e-03 -5.731832236051559448e-03 9.999663829803466797e-01 1.735913753509521484e-02
9.991564750671386719e-01 -3.974677249789237976e-02 -1.033700257539749146e-02 -5.977635860443115234e+00 3.987565636634826660e-02 9.991257190704345703e-01 1.257485430687665939e-02 -8.377790451049804688e-03 9.828152135014533997e-03 -1.297647412866353989e-02 9.998674988746643066e-01 4.506415128707885742e-02
9.980977177619934082e-01 -6.165407598018646240e-02 -3.790748305618762970e-04 -5.072726249694824219e+00 6.165054067969322205e-02 9.979266524314880371e-01 1.849693804979324341e-02 5.233049392700195312e-03 -7.621194235980510712e-04 -1.848511770367622375e-02 9.998288154602050781e-01 -7.049471139907836914e-03
9.981231689453125000e-01 6.121855229139328003e-02 -1.480326056480407715e-03 -3.624418258666992188e+00 -6.121051684021949768e-02 9.981122016906738281e-01 4.970795940607786179e-03 1.312029361724853516e-01 1.781833823770284653e-03 -4.870845936238765717e-03 9.999865293502807617e-01 9.653210639953613281e-03
9.923944473266601562e-01 -1.230900809168815613e-01 -1.489677699282765388e-03 -4.198691368103027344e+00 1.230907440185546875e-01 9.923954606056213379e-01 3.364358562976121902e-04 3.091573715209960938e-02 1.436937018297612667e-03 -5.172430537641048431e-04 9.999988079071044922e-01 -1.727881729602813721e-01
9.995575547218322754e-01 -2.807114459574222565e-02 -9.857947006821632385e-03 -6.100921630859375000e+00 2.815428934991359711e-02 9.995681643486022949e-01 8.400100283324718475e-03 1.895574331283569336e-01 9.617895819246768951e-03 -8.673892356455326080e-03 9.999161362648010254e-01 -1.153988242149353027e-01
9.997263550758361816e-01 -2.041004970669746399e-02 -1.142707932740449905e-02 -4.579279899597167969e+00 2.054732665419578552e-02 9.997165203094482422e-01 1.202722173184156418e-02 -8.231651782989501953e-02 1.117836311459541321e-02 -1.225871499627828598e-02 9.998624324798583984e-01 -1.480758488178253174e-01
9.995735883712768555e-01 2.811389416456222534e-02 -7.914123125374317169e-03 -4.584684848785400391e+00 -2.815853431820869446e-02 9.995879530906677246e-01 -5.586296319961547852e-03 1.239572763442993164e-01 7.753813173621892929e-03 5.806696601212024689e-03 9.999530315399169922e-01 -1.010168790817260742e-01
9.995205402374267578e-01 3.042476996779441833e-02 -5.727245472371578217e-03 -4.791366100311279297e+00 -3.048562817275524139e-02 9.994763135910034180e-01 -1.087311655282974243e-02 -8.565068244934082031e-02 5.393434315919876099e-03 1.104251109063625336e-02 9.999243617057800293e-01 1.155973970890045166e-01
9.991832971572875977e-01 4.037179425358772278e-02 1.815958763472735882e-03 -4.020744800567626953e+00 -4.035110399127006531e-02 9.991327524185180664e-01 -1.027069706469774246e-02 7.178725302219390869e-02 -2.229029778391122818e-03 1.018902845680713654e-02 9.999455809593200684e-01 -1.186051964759826660e-02
9.986435174942016602e-01 -5.190377682447433472e-02 4.199112299829721451e-03 -5.376564979553222656e+00 5.177518725395202637e-02 9.983088374137878418e-01 2.644747309386730194e-02 4.384036064147949219e-01 -5.564732942730188370e-03 -2.619419246912002563e-02 9.996413588523864746e-01 -7.500177621841430664e-02
9.998767971992492676e-01 -7.430444005876779556e-03 -1.382241677492856979e-02 -4.554157257080078125e+00 7.074855733662843704e-03 9.996472597122192383e-01 -2.559974603354930878e-02 -1.333641409873962402e-01 1.400774903595447540e-02 2.549880743026733398e-02 9.995768070220947266e-01 -1.696619391441345215e-02
9.998794198036193848e-01 -1.476369518786668777e-02 -4.791663028299808502e-03 -4.518280506134033203e+00 1.478591468185186386e-02 9.998798966407775879e-01 4.635782912373542786e-03 5.156695842742919922e-02 4.722643177956342697e-03 -4.706175066530704498e-03 9.999777078628540039e-01 -7.541066408157348633e-02
9.999126195907592773e-01 -1.310237031430006027e-02 1.585643738508224487e-03 -3.245235919952392578e+00 1.309838052839040756e-02 9.999108910560607910e-01 2.541283145546913147e-03 -2.913808822631835938e-01 -1.618807204067707062e-03 -2.520307898521423340e-03 9.999955892562866211e-01 -4.777172207832336426e-02
9.999905824661254883e-01 -3.118229331448674202e-03 -3.115691710263490677e-03 -5.924312114715576172e+00 3.142164554446935654e-03 9.999655485153198242e-01 7.701742928475141525e-03 4.731280803680419922e-01 3.091570921242237091e-03 -7.711460348218679428e-03 9.999654889106750488e-01 -4.692879319190979004e-02
9.999073147773742676e-01 -5.629854276776313782e-03 -1.238974742591381073e-02 -3.861850261688232422e+00 5.595704074949026108e-03 9.999800920486450195e-01 -2.784060081467032433e-03 -1.923259496688842773e-01 1.240518130362033844e-02 2.714485861361026764e-03 9.999192357063293457e-01 -9.681710600852966309e-02
9.996183514595031738e-01 -2.512116543948650360e-02 -1.149838324636220932e-02 -5.927726745605468750e+00 2.514729835093021393e-02 9.996815919876098633e-01 2.133420202881097794e-03 -6.008028984069824219e-02 1.144112925976514816e-02 -2.421746496111154556e-03 9.999315738677978516e-01 -1.381549537181854248e-01
9.993760585784912109e-01 -3.496760874986648560e-02 -4.993346519768238068e-03 -4.838473320007324219e+00 3.498891741037368774e-02 9.993788003921508789e-01 4.246313124895095825e-03 -2.954411506652832031e-02 4.841759335249662399e-03 -4.418378695845603943e-03 9.999784231185913086e-01 -1.631354093551635742e-01
9.999119043350219727e-01 -3.567067207768559456e-03 -1.278234366327524185e-02 -4.119781494140625000e+00 3.588877385482192039e-03 9.999922513961791992e-01 1.683306531049311161e-03 -2.612296044826507568e-01 1.277623884379863739e-02 -1.729025621898472309e-03 9.999167323112487793e-01 1.471030712127685547e-02
9.998899698257446289e-01 -1.467734947800636292e-02 -2.015409991145133972e-03 -4.252099990844726562e+00 1.468230690807104111e-02 9.998889565467834473e-01 2.469308674335479736e-03 -1.948974728584289551e-01 1.978944987058639526e-03 -2.498622983694076538e-03 9.999948740005493164e-01 -1.121631860733032227e-01
9.910739064216613770e-01 1.333143860101699829e-01 -2.673966810107231140e-04 -3.719608306884765625e+00 -1.333129256963729858e-01 9.910691976547241211e-01 3.151759505271911621e-03 -3.695735931396484375e-01 6.851879879832267761e-04 -3.087975084781646729e-03 9.999949932098388672e-01 -7.784196734428405762e-02
9.996272921562194824e-01 -2.653547376394271851e-02 -6.420156452804803848e-03 -5.268237590789794922e+00 2.660438418388366699e-02 9.995867013931274414e-01 1.089556049555540085e-02 -1.106451749801635742e-01 6.128384731709957123e-03 -1.106229331344366074e-02 9.999200701713562012e-01 -1.737225800752639771e-01
9.875260591506958008e-01 -1.572684198617935181e-01 7.702104747295379639e-03 -3.988635540008544922e+00 1.572410166263580322e-01 9.875521659851074219e-01 4.047852475196123123e-03 -4.387277662754058838e-01 -8.242825977504253387e-03 -2.786273602396249771e-03 9.999621510505676270e-01 -1.190277934074401855e-02
9.936006665229797363e-01 1.127875745296478271e-01 -6.059665232896804810e-03 -4.851229190826416016e+00 -1.127422302961349487e-01 9.935971498489379883e-01 7.363355718553066254e-03 2.625930309295654297e-01 6.851359270513057709e-03 -6.633058190345764160e-03 9.999545812606811523e-01 -7.730519771575927734e-02
9.925305247306823730e-01 -1.219726800918579102e-01 2.388215623795986176e-03 -3.105335712432861328e+00 1.219705492258071899e-01 9.925332665443420410e-01 9.417627006769180298e-04 -7.035838365554809570e-01 -2.485252451151609421e-03 -6.434343522414565086e-04 9.999967217445373535e-01 9.138566255569458008e-02
9.982368350028991699e-01 -5.930380895733833313e-02 2.528320299461483955e-03 -5.283190727233886719e+00 5.928859114646911621e-02 9.982246160507202148e-01 5.718002095818519592e-03 -2.556014060974121094e-02 -2.862937049940228462e-03 -5.558108910918235779e-03 9.999804496765136719e-01 -5.826282501220703125e-02
9.981265664100646973e-01 6.108025461435317993e-02 -3.513446077704429626e-03 -3.220653295516967773e+00 -6.109773367643356323e-02 9.981188178062438965e-01 -5.080927629023790359e-03 -3.098806142807006836e-01 3.196491859853267670e-03 5.286074243485927582e-03 9.999808669090270996e-01 -9.249359369277954102e-03
9.837264418601989746e-01 -1.793717741966247559e-01 1.040275953710079193e-02 -2.697278976440429688e+00 1.793249696493148804e-01 9.837754964828491211e-01 5.270686931908130646e-03 -1.472181081771850586e-01 -1.117939502000808716e-02 -3.319437615573406219e-03 9.999319314956665039e-01 7.964044809341430664e-03
9.999561905860900879e-01 -7.591795874759554863e-04 -9.326392784714698792e-03 -4.330049037933349609e+00 7.930054562166333199e-04 9.999930858612060547e-01 3.623875789344310760e-03 -2.468425035476684570e-01 9.323575533926486969e-03 -3.631115425378084183e-03 9.999501109123229980e-01 -1.183261275291442871e-01
9.998265504837036133e-01 -5.359970033168792725e-03 -1.783446408808231354e-02 -4.321526527404785156e+00 5.005336366593837738e-03 9.997898936271667480e-01 -1.987097971141338348e-02 1.642441600561141968e-01 1.793722994625568390e-02 1.977825909852981567e-02 9.996434450149536133e-01 9.299118816852569580e-02
9.999507069587707520e-01 2.696054289117455482e-03 -9.536821395158767700e-03 -5.108611106872558594e+00 -2.589393407106399536e-03 9.999341964721679688e-01 1.117851398885250092e-02 4.822500944137573242e-01 9.566329419612884521e-03 -1.115318201482295990e-02 9.998919963836669922e-01 -1.579240560531616211e-01
9.998921751976013184e-01 -9.949805215001106262e-03 -1.082430221140384674e-02 -2.836965799331665039e+00 9.927500970661640167e-03 9.999486804008483887e-01 -2.111139707267284393e-03 -1.409331560134887695e-01 1.084475405514240265e-02 2.003459259867668152e-03 9.999391436576843262e-01 -8.697599172592163086e-03
9.994039535522460938e-01 -3.301272541284561157e-02 -1.011029910296201706e-02 -5.362070560455322266e+00 3.312795236706733704e-02 9.993859529495239258e-01 1.144802942872047424e-02 1.452933549880981445e-01 9.726154617965221405e-03 -1.177616789937019348e-02 9.998834133148193359e-01 4.869759082794189453e-02
9.998888373374938965e-01 -6.067687179893255234e-03 -1.360320206731557846e-02 -4.281577110290527344e+00 5.905792117118835449e-03 9.999116659164428711e-01 -1.191278733313083649e-02 1.127351447939872742e-01 1.367427408695220947e-02 1.183115504682064056e-02 9.998366236686706543e-01 -6.904265284538269043e-02
9.999099969863891602e-01 4.940549377351999283e-03 -1.247459929436445236e-02 -3.933805704116821289e+00 -4.987217951565980911e-03 9.999803900718688965e-01 -3.708093427121639252e-03 2.258031070232391357e-01 1.245603896677494049e-02 3.769975854083895683e-03 9.999154210090637207e-01 -1.213396191596984863e-01
9.987714886665344238e-01 4.925617948174476624e-02 -5.415378138422966003e-03 -5.306152343750000000e+00 -4.922063276171684265e-02 9.987666010856628418e-01 6.512543186545372009e-03 4.290635883808135986e-01 5.729483440518379211e-03 -6.237997673451900482e-03 9.999641776084899902e-01 -8.445590734481811523e-03
9.999135732650756836e-01 1.143165957182645798e-02 -6.485515274107456207e-03 -4.328125953674316406e+00 -1.155442651361227036e-02 9.997487664222717285e-01 -1.921962201595306396e-02 -1.734179556369781494e-01 6.264171563088893890e-03 1.929290778934955597e-02 9.997942447662353516e-01 -9.889757633209228516e-02
9.977432489395141602e-01 -5.951389670372009277e-02 3.108686953783035278e-02 -2.144707441329956055e+00 5.973934754729270935e-02 9.981940388679504395e-01 -6.374855525791645050e-03 3.179267048835754395e-01 -3.065132535994052887e-02 8.217552676796913147e-03 9.994963407516479492e-01 3.674384951591491699e-01
9.982267618179321289e-01 -5.840974673628807068e-02 -1.146971341222524643e-02 -3.691649913787841797e+00 5.831204727292060852e-02 9.982604384422302246e-01 -8.667874149978160858e-03 4.180165827274322510e-01 1.195605471730232239e-02 7.983691990375518799e-03 9.998967051506042480e-01 -4.029440879821777344e-02
9.869244694709777832e-01 1.611044406890869141e-01 5.067781545221805573e-03 -3.789536714553833008e+00 -1.610878854990005493e-01 9.869335889816284180e-01 -3.530489979311823845e-03 -1.788112521171569824e-01 -5.570341832935810089e-03 2.667968627065420151e-03 9.999809265136718750e-01 -7.259306311607360840e-02
9.995599389076232910e-01 -2.423654124140739441e-02 -1.710396818816661835e-02 -4.091854095458984375e+00 2.399824559688568115e-02 9.996137022972106934e-01 -1.399630494415760040e-02 8.785820007324218750e-02 1.743658818304538727e-02 1.357968710362911224e-02 9.997557401657104492e-01 -4.146657884120941162e-03
9.985411167144775391e-01 -5.188011005520820618e-02 -1.497361529618501663e-02 -4.585802555084228516e+00 5.194221436977386475e-02 9.986431002616882324e-01 3.787869121879339218e-03 -3.781525492668151855e-01 1.475679036229848862e-02 -4.559905733913183212e-03 9.998807311058044434e-01 -1.235432922840118408e-01
9.994266629219055176e-01 -3.257755935192108154e-02 -9.224288165569305420e-03 -5.754734992980957031e+00 3.272247314453125000e-02 9.993359446525573730e-01 1.602396182715892792e-02 1.938760280609130859e-01 8.696147240698337555e-03 -1.631657406687736511e-02 9.998289942741394043e-01 -5.465853214263916016e-02
9.979329705238342285e-01 4.863085597753524780e-02 4.201329126954078674e-02 -5.153658390045166016e-01 -4.749378561973571777e-02 9.984889626502990723e-01 -2.765238285064697266e-02 -4.431083202362060547e-01 -4.329455271363258362e-02 2.559978701174259186e-02 9.987343549728393555e-01 -1.682194173336029053e-01
9.988467693328857422e-01 4.596523568034172058e-02 -1.387799624353647232e-02 -4.579512596130371094e+00 -4.603588208556175232e-02 9.989281892776489258e-01 -4.815202672034502029e-03 -4.836666584014892578e-01 1.364179141819477081e-02 5.448555573821067810e-03 9.998921155929565430e-01 -5.319231748580932617e-02
9.997775554656982422e-01 1.126740220934152603e-02 -1.781568676233291626e-02 -4.172595500946044922e+00 -1.112535409629344940e-02 9.999055266380310059e-01 8.052531629800796509e-03 4.652357101440429688e-02 1.790473423898220062e-02 -7.852543145418167114e-03 9.998088479042053223e-01 -6.507679820060729980e-02
9.998273849487304688e-01 -1.734615303575992584e-02 -6.636954843997955322e-03 -5.784126281738281250e+00 1.741560921072959900e-02 9.997926354408264160e-01 1.055256277322769165e-02 2.510108947753906250e-01 6.452529691159725189e-03 -1.066633313894271851e-02 9.999222755432128906e-01 -1.347880363464355469e-01
9.914991855621337891e-01 1.294673383235931396e-01 -1.295296754688024521e-02 -2.780359268188476562e+00 -1.294169276952743530e-01 9.915794730186462402e-01 4.665962420403957367e-03 1.958892345428466797e-01 1.344797853380441666e-02 -2.949949121102690697e-03 9.999052286148071289e-01 -5.198636651039123535e-02
9.987614750862121582e-01 4.895552620291709900e-02 -8.858641609549522400e-03 -3.689233064651489258e+00 -4.892979189753532410e-02 9.987972378730773926e-01 3.099287860095500946e-03 9.563738852739334106e-02 8.999718353152275085e-03 -2.662038896232843399e-03 9.999559521675109863e-01 -5.958878993988037109e-02
9.997593164443969727e-01 2.000555396080017090e-02 -8.998771198093891144e-03 -4.088996887207031250e+00 -1.996440626680850983e-02 9.997898936271667480e-01 4.639609716832637787e-03 1.885976195335388184e-01 9.089699015021324158e-03 -4.458839073777198792e-03 9.999486804008483887e-01 -5.908936262130737305e-02
9.990859627723693848e-01 4.269627854228019714e-02 1.918705529533326626e-03 -3.691172599792480469e+00 -4.265647754073143005e-02 9.989376664161682129e-01 -1.743939332664012909e-02 -2.727782726287841797e-01 -2.661264734342694283e-03 1.734160631895065308e-02 9.998461008071899414e-01 6.234282255172729492e-02
9.997296333312988281e-01 -2.316229790449142456e-02 1.974594779312610626e-03 -4.006281852722167969e+00 2.313886210322380066e-02 9.996697902679443359e-01 1.116783916950225830e-02 -3.667053580284118652e-01 -2.232613041996955872e-03 -1.111914310604333878e-02 9.999356269836425781e-01 -1.082146763801574707e-01
9.987073540687561035e-01 4.793709143996238708e-02 -1.689339801669120789e-02 -3.443955421447753906e+00 -4.809232428669929504e-02 9.988033175468444824e-01 -8.906430564820766449e-03 -6.605148315429687500e-01 1.644622720777988434e-02 9.707355871796607971e-03 9.998176693916320801e-01 3.737419843673706055e-02
9.992752671241760254e-01 3.556250780820846558e-02 -1.357794925570487976e-02 -4.111194610595703125e+00 -3.546208888292312622e-02 9.993424415588378906e-01 7.566226646304130554e-03 1.580550968647003174e-01 1.383809372782707214e-02 -7.079052738845348358e-03 9.998791217803955078e-01 -5.690845847129821777e-02
9.994364976882934570e-01 -3.344270214438438416e-02 -2.918394282460212708e-03 -5.292294502258300781e+00 3.348387032747268677e-02 9.993199110031127930e-01 1.543564721941947937e-02 2.197043895721435547e-01 2.400201745331287384e-03 -1.552462577819824219e-02 9.998766183853149414e-01 -6.889617443084716797e-02
9.999603629112243652e-01 7.013720460236072540e-03 -5.517894402146339417e-03 -4.674285411834716797e+00 -6.954436190426349640e-03 9.999187588691711426e-01 1.069092005491256714e-02 1.395075321197509766e-01 5.592427216470241547e-03 -1.065200660377740860e-02 9.999277591705322266e-01 -1.467876136302947998e-01
9.996303915977478027e-01 -2.375318855047225952e-02 -1.322857849299907684e-02 -4.797396659851074219e+00 2.396278642117977142e-02 9.995861649513244629e-01 1.591958291828632355e-02 1.866834163665771484e-01 1.284496206790208817e-02 -1.623071543872356415e-02 9.997857809066772461e-01 -6.388610601425170898e-02
9.999150633811950684e-01 -6.896472070366144180e-03 -1.105413492769002914e-02 -4.810546398162841797e+00 6.797452457249164581e-03 9.999365210533142090e-01 -8.972343057394027710e-03 1.241316795349121094e+00 1.111531071364879608e-02 8.896417915821075439e-03 9.998986721038818359e-01 -2.644868791103363037e-01
9.999867677688598633e-01 -3.979012370109558105e-03 3.263558726757764816e-03 -4.380369186401367188e+00 3.962828777730464935e-03 9.999800920486450195e-01 4.949489608407020569e-03 -1.355470120906829834e-01 -3.283187281340360641e-03 -4.936465993523597717e-03 9.999823570251464844e-01 -7.265159487724304199e-02
9.987715482711791992e-01 -4.852891340851783752e-02 -1.002408191561698914e-02 -4.271544456481933594e+00 4.846062511205673218e-02 9.988009333610534668e-01 -6.951993331313133240e-03 -2.512530088424682617e-01 1.034943386912345886e-02 6.457679439336061478e-03 9.999256134033203125e-01 4.865628480911254883e-02
9.996883273124694824e-01 -2.200349234044551849e-02 -1.178260613232851028e-02 -4.885021209716796875e+00 2.202122285962104797e-02 9.997563958168029785e-01 1.377001404762268066e-03 2.828992605209350586e-01 1.174943149089813232e-02 -1.636058092117309570e-03 9.999296069145202637e-01 -2.006692588329315186e-01
9.925602078437805176e-01 -1.216667667031288147e-01 4.646118730306625366e-03 -3.426981449127197266e+00 1.217055022716522217e-01 9.925234317779541016e-01 -9.231379255652427673e-03 -8.200237751007080078e-01 -3.488228190690279007e-03 9.728156961500644684e-03 9.999465942382812500e-01 8.118912577629089355e-02
9.996482133865356445e-01 -1.797465793788433075e-02 -1.950876787304878235e-02 -4.388918399810791016e+00 1.812895201146602631e-02 9.998054504394531250e-01 7.760778535157442093e-03 4.747033119201660156e-03 1.936547830700874329e-02 -8.111752569675445557e-03 9.997795224189758301e-01 -1.338600367307662964e-01
9.997237324714660645e-01 2.034651674330234528e-02 -1.178143545985221863e-02 -4.802438735961914062e+00 -2.023199200630187988e-02 9.997478723526000977e-01 9.759704582393169403e-03 -5.645370483398437500e-01 1.197704114019870758e-02 -9.518674574792385101e-03 9.998828768730163574e-01 -1.666239500045776367e-01
9.996296763420104980e-01 2.349400520324707031e-02 -1.373066008090972900e-02 -4.221695423126220703e+00 -2.394168078899383545e-02 9.991552233695983887e-01 -3.340353444218635559e-02 9.144949913024902344e-02 1.293427683413028717e-02 3.371988236904144287e-02 9.993475675582885742e-01 -2.065315395593643188e-01
9.993971586227416992e-01 -3.270750492811203003e-02 -1.165411435067653656e-02 -6.188997745513916016e+00 3.267956152558326721e-02 9.994626641273498535e-01 -2.580381929874420166e-03 -2.280718088150024414e-01 1.173225883394479752e-02 2.198135014623403549e-03 9.999287128448486328e-01 -1.048652529716491699e-01
9.996080994606018066e-01 2.657634206116199493e-02 -8.787304162979125977e-03 -5.003461360931396484e+00 -2.676408179104328156e-02 9.993999600410461426e-01 -2.198654785752296448e-02 -5.193150043487548828e-02 8.197709918022155762e-03 2.221315540373325348e-02 9.997195005416870117e-01 -1.609647274017333984e-02
9.899291992187500000e-01 -1.415558606386184692e-01 -1.502589788287878036e-03 -3.557408094406127930e+00 1.415575146675109863e-01 9.899293780326843262e-01 1.120087923482060432e-03 -3.671597838401794434e-01 1.328902784734964371e-03 -1.321511110290884972e-03 9.999983310699462891e-01 7.987529039382934570e-02
9.998843073844909668e-01 -7.558486540801823139e-04 -1.519603095948696136e-02 -4.127326965332031250e+00 8.003572584129869938e-04 9.999954700469970703e-01 2.922979649156332016e-03 -2.321393787860870361e-01 1.519375294446945190e-02 -2.934739924967288971e-03 9.998802542686462402e-01 -1.169722974300384521e-01
9.982817173004150391e-01 5.752452090382575989e-02 -1.115902885794639587e-02 -4.851956367492675781e+00 -5.749301239848136902e-02 9.983411431312561035e-01 3.127031493932008743e-03 2.864429354667663574e-02 1.132040470838546753e-02 -2.480117138475179672e-03 9.999328255653381348e-01 -1.430466771125793457e-02
9.924701452255249023e-01 1.224175766110420227e-01 -4.099736921489238739e-03 -4.395056247711181641e+00 -1.223487704992294312e-01 9.923864603042602539e-01 1.415684074163436890e-02 2.034068107604980469e-01 5.801567807793617249e-03 -1.354864425957202911e-02 9.998913407325744629e-01 -9.691670536994934082e-02
9.989436864852905273e-01 4.416253417730331421e-02 -1.270872913300991058e-02 -3.825347661972045898e+00 -4.419538006186485291e-02 9.990203380584716797e-01 -2.315333113074302673e-03 1.897680461406707764e-01 1.259402651339769363e-02 2.874625846743583679e-03 9.999164938926696777e-01 -1.001853346824645996e-01
9.999803900718688965e-01 -1.229987479746341705e-03 -6.164400838315486908e-03 -3.769400358200073242e+00 1.260356162674725056e-03 9.999872446060180664e-01 4.929729271680116653e-03 -1.988306343555450439e-01 6.158257368952035904e-03 -4.937408957630395889e-03 9.999688863754272461e-01 4.003378748893737793e-02
9.996051788330078125e-01 -2.028820663690567017e-02 1.942326501011848450e-02 -4.746275901794433594e+00 1.913056522607803345e-02 9.981308579444885254e-01 5.803703516721725464e-02 1.683216094970703125e-01 -2.056442946195602417e-02 -5.764258652925491333e-02 9.981253743171691895e-01 2.040438354015350342e-01
9.998368024826049805e-01 1.728775724768638611e-02 5.278615746647119522e-03 -4.466368198394775391e+00 -1.735811308026313782e-02 9.997570514678955078e-01 1.359552890062332153e-02 -5.242414474487304688e-01 -5.042299628257751465e-03 -1.368493214249610901e-02 9.998936653137207031e-01 8.557587862014770508e-02
9.920617938041687012e-01 -1.257273554801940918e-01 -2.424425678327679634e-03 -3.052846431732177734e+00 1.257157623767852783e-01 9.920561909675598145e-01 -4.455300513654947281e-03 -3.505290150642395020e-01 2.965320367366075516e-03 4.115145653486251831e-03 9.999870657920837402e-01 6.846079230308532715e-02
9.993553757667541504e-01 -3.396451845765113831e-02 -1.162679959088563919e-02 -4.439900398254394531e+00 3.387892246246337891e-02 9.993977546691894531e-01 -7.481482811272144318e-03 -7.208383083343505859e-02 1.187390089035034180e-02 7.082713302224874496e-03 9.999043941497802734e-01 -1.375187933444976807e-01
9.922510385513305664e-01 1.241280436515808105e-01 -5.515622906386852264e-03 -4.445932388305664062e+00 -1.241138428449630737e-01 9.922637939453125000e-01 2.851443365216255188e-03 -5.504488945007324219e-01 5.826898384839296341e-03 -2.144781872630119324e-03 9.999806880950927734e-01 -6.313845515251159668e-02
9.938633441925048828e-01 1.100590825080871582e-01 -1.106789335608482361e-02 -3.015806674957275391e+00 -1.102192476391792297e-01 9.937931299209594727e-01 -1.508053299039602280e-02 3.965185880661010742e-01 9.339440613985061646e-03 1.620789244771003723e-02 9.998250603675842285e-01 -8.794799447059631348e-02
9.999612569808959961e-01 1.268247608095407486e-03 -8.707644417881965637e-03 -3.552803993225097656e+00 -1.137400744482874870e-03 9.998866915702819824e-01 1.501517370343208313e-02 1.935486793518066406e-01 8.725700899958610535e-03 -1.500470004975795746e-02 9.998493194580078125e-01 -9.852531552314758301e-02
9.990561008453369141e-01 -4.256322607398033142e-02 -8.664867840707302094e-03 -4.773333549499511719e+00 4.284561052918434143e-02 9.984495639801025391e-01 3.553791716694831848e-02 1.263087987899780273e-01 7.138811983168125153e-03 -3.587587922811508179e-02 9.993308186531066895e-01 -3.056269884109497070e-02
9.988706111907958984e-01 -4.737177863717079163e-02 -3.671574173495173454e-03 -6.276794910430908203e+00 4.738368093967437744e-02 9.988715052604675293e-01 3.230260685086250305e-03 6.963253021240234375e-03 3.514408133924007416e-03 -3.400581888854503632e-03 9.999880194664001465e-01 -5.904719233512878418e-02
9.994564056396484375e-01 3.165739029645919800e-02 -9.199898689985275269e-03 -4.304660797119140625e+00 -3.167773783206939697e-02 9.994958043098449707e-01 -2.074777614325284958e-03 2.033923417329788208e-01 9.129581041634082794e-03 2.365060383453965187e-03 9.999553561210632324e-01 -5.984970927238464355e-02
9.987177252769470215e-01 5.050572380423545837e-02 -3.616516478359699249e-03 -4.396364212036132812e+00 -5.052517354488372803e-02 9.987078905105590820e-01 -5.499523133039474487e-03 7.148003578186035156e-02 3.334086621180176735e-03 5.675202235579490662e-03 9.999783039093017578e-01 -3.954809904098510742e-02
9.999243021011352539e-01 1.104749273508787155e-02 -5.422097630798816681e-03 -4.240410327911376953e+00 -1.098851207643747330e-02 9.998813867568969727e-01 1.079086121171712875e-02 1.255213469266891479e-01 5.540666170418262482e-03 -1.073046308010816574e-02 9.999271035194396973e-01 -6.065768003463745117e-02
9.995245337486267090e-01 2.798688039183616638e-02 -1.292707398533821106e-02 -4.511753082275390625e+00 -2.804322540760040283e-02 9.995977282524108887e-01 -4.199698567390441895e-03 -9.670495986938476562e-02 1.280433870851993561e-02 4.560230765491724014e-03 9.999075531959533691e-01 -1.226904690265655518e-01
9.998168945312500000e-01 1.591131836175918579e-02 -1.063204463571310043e-02 -4.353623390197753906e+00 -1.608416065573692322e-02 9.997365474700927734e-01 -1.637443155050277710e-02 8.455139398574829102e-02 1.036870479583740234e-02 1.654244959354400635e-02 9.998093247413635254e-01 -1.025451719760894775e-01
9.993156790733337402e-01 2.693328633904457092e-02 -2.535241097211837769e-02 -4.175340652465820312e+00 -2.694036997854709625e-02 9.996368885040283203e-01 6.232969462871551514e-05 -1.199054718017578125e-01 2.534488961100578308e-02 6.207339465618133545e-04 9.996786117553710938e-01 -1.207985281944274902e-01
9.999647140502929688e-01 2.272627083584666252e-03 -8.100162260234355927e-03 -4.142651557922363281e+00 -2.298269653692841530e-03 9.999923706054687500e-01 -3.157727885991334915e-03 8.837151527404785156e-02 8.092924952507019043e-03 3.176203696057200432e-03 9.999622106552124023e-01 -9.022849798202514648e-02
9.989032745361328125e-01 4.272915422916412354e-02 -1.915137656033039093e-02 -4.532380580902099609e+00 -4.263750463724136353e-02 9.990772008895874023e-01 5.169230513274669647e-03 1.007196307182312012e-01 1.935458555817604065e-02 -4.346991889178752899e-03 9.998031854629516602e-01 -1.148700118064880371e-01
9.999049305915832520e-01 4.556113854050636292e-03 -1.303911954164505005e-02 -4.916797161102294922e+00 -4.565916489809751511e-03 9.999898076057434082e-01 -7.222183048725128174e-04 -1.752476096153259277e-01 1.303568948060274124e-02 7.816404104232788086e-04 9.999148249626159668e-01 -1.151094734668731689e-01
9.998784065246582031e-01 -5.433601327240467072e-03 -1.464479882270097733e-02 -3.661502599716186523e+00 5.373520310968160629e-03 9.999774694442749023e-01 -4.139051306992769241e-03 -4.350167512893676758e-02 1.466695498675107956e-02 4.059927538037300110e-03 9.998842477798461914e-01 -4.778942465782165527e-02
9.983958005905151367e-01 -5.622305721044540405e-02 -6.732820533215999603e-03 -5.077030658721923828e+00 5.638020858168601990e-02 9.980705380439758301e-01 2.601885795593261719e-02 3.619945049285888672e-02 5.256969481706619263e-03 -2.635671943426132202e-02 9.996388554573059082e-01 -7.769912481307983398e-03
9.983432292938232422e-01 -5.723352357745170593e-02 -5.884851329028606415e-03 -4.883889198303222656e+00 5.720078572630882263e-02 9.983470439910888672e-01 -5.587724968791007996e-03 -7.246420383453369141e-01 6.194927729666233063e-03 5.241813138127326965e-03 9.999669790267944336e-01 -8.116015791893005371e-02
9.973033666610717773e-01 -7.329252362251281738e-02 -3.789925714954733849e-03 -5.835886478424072266e+00 7.335277646780014038e-02 9.971159100532531738e-01 1.948101446032524109e-02 8.858513832092285156e-02 2.351180650293827057e-03 -1.970649138092994690e-02 9.998031258583068848e-01 4.851281642913818359e-02
9.999793171882629395e-01 -2.233060775324702263e-03 -6.029997020959854126e-03 -4.618453979492187500e+00 2.266594441607594490e-03 9.999819993972778320e-01 5.559381097555160522e-03 -2.191755175590515137e-02 6.017473526298999786e-03 -5.572956055402755737e-03 9.999663829803466797e-01 -5.294230580329895020e-02
9.939763545989990234e-01 -1.088465824723243713e-01 -1.277659926563501358e-02 -5.695683479309082031e+00 1.086842343211174011e-01 9.939939379692077637e-01 -1.278030127286911011e-02 -5.771770477294921875e-01 1.409095712006092072e-02 1.131470687687397003e-02 9.998367428779602051e-01 -9.479480981826782227e-02
9.985659122467041016e-01 5.292554572224617004e-02 -8.067565970122814178e-03 -3.023888111114501953e+00 -5.291097983717918396e-02 9.985972642898559570e-01 2.002241089940071106e-03 -3.471886515617370605e-01 8.162219077348709106e-03 -1.572505570948123932e-03 9.999654293060302734e-01 -5.354014039039611816e-02
9.997187256813049316e-01 1.819066330790519714e-02 -1.522159483283758163e-02 -4.055131435394287109e+00 -1.827913336455821991e-02 9.998167157173156738e-01 -5.692598409950733185e-03 6.647527217864990234e-03 1.511525921523571014e-02 5.969321355223655701e-03 9.998679757118225098e-01 -9.879374504089355469e-02
9.997770786285400391e-01 2.110743522644042969e-02 -8.156162220984697342e-04 -4.359170913696289062e+00 -2.111103758215904236e-02 9.997664690017700195e-01 -4.692709073424339294e-03 2.613370120525360107e-02 7.163754198700189590e-04 4.708864726126194000e-03 9.999886751174926758e-01 -1.236179769039154053e-01
9.992049336433410645e-01 -3.896963596343994141e-02 -8.474079892039299011e-03 -4.272982597351074219e+00 3.902842104434967041e-02 9.992147684097290039e-01 6.886340677738189697e-03 -1.389170587062835693e-01 8.199074305593967438e-03 -7.211573887616395950e-03 9.999403953552246094e-01 -1.329048871994018555e-01
9.998614192008972168e-01 1.410823408514261246e-02 -8.837805129587650299e-03 -3.641038894653320312e+00 -1.412042230367660522e-02 9.998994469642639160e-01 -1.321259886026382446e-03 1.657456159591674805e-03 8.818276226520538330e-03 1.445885747671127319e-03 9.999600052833557129e-01 -1.525272727012634277e-01
9.996050596237182617e-01 -2.809773199260234833e-02 -5.627742502838373184e-04 -3.386403322219848633e+00 2.809392660856246948e-02 9.995869994163513184e-01 -6.070575676858425140e-03 -2.221318483352661133e-01 7.331118686124682426e-04 6.052369251847267151e-03 9.999814033508300781e-01 1.603507995605468750e-02
9.995304346084594727e-01 -2.480297721922397614e-02 -1.799448579549789429e-02 -3.535015106201171875e+00 2.462163940072059631e-02 9.996445178985595703e-01 -1.023166254162788391e-02 -1.146721839904785156e-01 1.824186369776725769e-02 9.783810004591941833e-03 9.997857213020324707e-01 -1.166252791881561279e-01
9.998373389244079590e-01 4.701524972915649414e-03 -1.741368696093559265e-02 -4.471498966217041016e+00 -4.874417092651128769e-03 9.999389052391052246e-01 -9.899336844682693481e-03 3.805744647979736328e-02 1.736607961356639862e-02 9.982541203498840332e-03 9.997993111610412598e-01 -1.341519951820373535e-01
9.989821314811706543e-01 -4.462030902504920959e-02 -6.630840711295604706e-03 -5.422808170318603516e+00 4.471051692962646484e-02 9.988999962806701660e-01 1.414580177515745163e-02 1.458663940429687500e-01 5.992355756461620331e-03 -1.442787703126668930e-02 9.998779892921447754e-01 -6.298053264617919922e-02
9.997823834419250488e-01 1.817292347550392151e-02 -1.025177817791700363e-02 -4.806498527526855469e+00 -1.812032982707023621e-02 9.998225569725036621e-01 5.199077073484659195e-03 -3.582172095775604248e-02 1.034443918615579605e-02 -5.012210924178361893e-03 9.999339580535888672e-01 -9.491124749183654785e-02
9.984481930732727051e-01 5.518850684165954590e-02 -7.462285459041595459e-03 -3.709554195404052734e+00 -5.513553321361541748e-02 9.984535574913024902e-01 7.129589095711708069e-03 -1.286044120788574219e-01 7.844215258955955505e-03 -6.707082502543926239e-03 9.999467730522155762e-01 -3.380477428436279297e-02
9.994136691093444824e-01 3.422823920845985413e-02 -1.153459306806325912e-03 -5.430078506469726562e+00 -3.421478345990180969e-02 9.993630051612854004e-01 1.016693748533725739e-02 3.039646148681640625e-02 1.500723185017704964e-03 -1.012153737246990204e-02 9.999476671218872070e-01 -1.129962205886840820e-01
9.926317930221557617e-01 -1.208464726805686951e-01 -8.837319910526275635e-03 -3.341836214065551758e+00 1.207859516143798828e-01 9.926531314849853516e-01 -7.096311077475547791e-03 -4.430953860282897949e-01 9.629957377910614014e-03 5.976600106805562973e-03 9.999358057975769043e-01 2.169677615165710449e-02
9.979842901229858398e-01 -6.206553429365158081e-02 -1.323103718459606171e-02 -4.794901847839355469e+00 6.240112707018852234e-02 9.976944923400878906e-01 2.667141892015933990e-02 2.594237327575683594e-01 1.154516078531742096e-02 -2.744327485561370850e-02 9.995566010475158691e-01 6.680011749267578125e-03
9.995886087417602539e-01 2.200043760240077972e-02 -1.840857416391372681e-02 -3.662786245346069336e+00 -2.202488295733928680e-02 9.997571110725402832e-01 -1.125083537772297859e-03 5.806386470794677734e-03 1.837934926152229309e-02 1.530099427327513695e-03 9.998298883438110352e-01 -5.321657657623291016e-02
9.996610283851623535e-01 1.576220616698265076e-02 -2.070843242108821869e-02 -4.265948295593261719e+00 -1.562241278588771820e-02 9.998541474342346191e-01 6.894742138683795929e-03 -4.429113864898681641e-02 2.081408165395259857e-02 -6.568864919245243073e-03 9.997618794441223145e-01 -9.555715322494506836e-02
9.994297623634338379e-01 -3.321395814418792725e-02 -6.047440692782402039e-03 -5.296633243560791016e+00 3.329304605722427368e-02 9.993541836738586426e-01 1.348961889743804932e-02 1.005002260208129883e-01 5.595494061708450317e-03 -1.368325483053922653e-02 9.998906254768371582e-01 2.141302824020385742e-02
9.998265504837036133e-01 1.600919663906097412e-02 -9.545416571199893951e-03 -4.139634132385253906e+00 -1.596509478986263275e-02 9.998620152473449707e-01 4.669126123189926147e-03 -2.476018667221069336e-01 9.618847630918025970e-03 -4.515930078923702240e-03 9.999435544013977051e-01 -6.525769829750061035e-02
9.771279692649841309e-01 2.126276493072509766e-01 3.280369099229574203e-03 -2.609437942504882812e+00 -2.126520574092864990e-01 9.770503640174865723e-01 1.232021488249301910e-02 4.683655500411987305e-02 -5.854722112417221069e-04 -1.273599639534950256e-02 9.999187588691711426e-01 5.710691213607788086e-03
9.972538948059082031e-01 -7.333211600780487061e-02 -1.035001501441001892e-02 -3.388315439224243164e+00 7.334256172180175781e-02 9.973067641258239746e-01 6.333496421575546265e-04 -8.173823356628417969e-03 1.027569174766540527e-02 -1.390704885125160217e-03 9.999462962150573730e-01 -8.576470613479614258e-02
9.971123337745666504e-01 7.588099688291549683e-02 -3.006381914019584656e-03 -4.341170310974121094e+00 -7.585805654525756836e-02 9.970929622650146484e-01 7.142013404518365860e-03 3.077054023742675781e-02 3.539579920470714569e-03 -6.893301848322153091e-03 9.999699592590332031e-01 -1.822888851165771484e-02
9.891324639320373535e-01 1.467146575450897217e-01 9.555500000715255737e-03 -2.643583774566650391e+00 -1.467744857072830200e-01 9.891524314880371094e-01 5.897361785173416138e-03 2.286104559898376465e-01 -8.586618117988109589e-03 -7.235777098685503006e-03 9.999369978904724121e-01 -6.874495744705200195e-02
9.991937875747680664e-01 3.913756087422370911e-02 -8.950518444180488586e-03 -5.549612522125244141e+00 -3.923220932483673096e-02 9.991731047630310059e-01 -1.065214537084102631e-02 -6.593358516693115234e-02 8.526220917701721191e-03 1.099469512701034546e-02 9.999032020568847656e-01 -4.632037878036499023e-02
9.979302883148193359e-01 6.397692114114761353e-02 -6.481850985437631607e-03 -3.557852506637573242e+00 -6.386838108301162720e-02 9.978339076042175293e-01 1.575807482004165649e-02 -9.576070308685302734e-02 7.475964259356260300e-03 -1.531147491186857224e-02 9.998548626899719238e-01 -1.516943573951721191e-01
9.985355138778686523e-01 5.068770796060562134e-02 -1.892038248479366302e-02 -4.112097263336181641e+00 -5.077886953949928284e-02 9.987003207206726074e-01 -4.368912894278764725e-03 1.399876177310943604e-01 1.867435686290264130e-02 5.323055665940046310e-03 9.998112916946411133e-01 -3.038629889488220215e-02
9.994204640388488770e-01 -3.392841294407844543e-02 -2.683208324015140533e-03 -3.762895345687866211e+00 3.394272178411483765e-02 9.994087219238281250e-01 5.502212792634963989e-03 8.733642101287841797e-02 2.494937740266323090e-03 -5.590114742517471313e-03 9.999812841415405273e-01 -8.932265639305114746e-02
9.999336600303649902e-01 1.119033899158239365e-02 -2.750733168795704842e-03 -4.388874053955078125e+00 -1.122155971825122833e-02 9.998695254325866699e-01 -1.160018332302570343e-02 5.541405081748962402e-02 2.620566869154572487e-03 1.163027621805667877e-02 9.999289512634277344e-01 -1.419382989406585693e-01
9.999079704284667969e-01 -4.242371767759323120e-03 -1.290791854262351990e-02 -5.079152107238769531e+00 4.470020532608032227e-03 9.998343586921691895e-01 1.765908487141132355e-02 1.743971109390258789e-01 1.283086277544498444e-02 -1.771513745188713074e-02 9.997607469558715820e-01 -1.591451764106750488e-01
9.991701245307922363e-01 -4.072397202253341675e-02 -9.573597344569861889e-04 -4.835840225219726562e+00 4.072686657309532166e-02 9.991651177406311035e-01 3.232041373848915100e-03 5.726695060729980469e-02 8.249385282397270203e-04 -3.268351778388023376e-03 9.999942779541015625e-01 -1.135304570198059082e-01
