9.999180436134338379e-01 1.265094801783561707e-02 1.919974572956562042e-03 -3.957274436950683594e+00 -1.266487501561641693e-02 9.998920559883117676e-01 7.424633949995040894e-03 1.259089708328247070e-01 -1.825840328820049763e-03 -7.448269054293632507e-03 9.999706745147705078e-01 -4.050093889236450195e-02
9.944200515747070312e-01 -1.054783463478088379e-01 1.718213781714439392e-03 -2.627838134765625000e+00 1.054807752370834351e-01 9.944204092025756836e-01 -1.380933448672294617e-03 2.649891376495361328e-02 -1.562968827784061432e-03 1.554490998387336731e-03 9.999975562095642090e-01 -2.367907762527465820e-02
9.989361166954040527e-01 -4.518844187259674072e-02 -9.169665165245532990e-03 -3.769808769226074219e+00 4.545077681541442871e-02 9.984926581382751465e-01 3.076581098139286041e-02 1.242568492889404297e-01 7.765579503029584885e-03 -3.114989772439002991e-02 9.994845390319824219e-01 9.139966964721679688e-02
9.835726618766784668e-01 -1.801906675100326538e-01 -1.076631806790828705e-02 -2.712594270706176758e+00 1.802698075771331787e-01 9.835929870605468750e-01 6.892147473990917206e-03 -4.952919483184814453e-02 9.347772225737571716e-03 -8.719785138964653015e-03 9.999183416366577148e-01 -5.827111005783081055e-02
9.935212731361389160e-01 1.136439666152000427e-01 -2.363454550504684448e-04 -4.880824089050292969e+00 -1.136287897825241089e-01 9.934188723564147949e-01 1.438703387975692749e-02 4.036202430725097656e-01 1.869784668087959290e-03 -1.426696963608264923e-02 9.998964667320251465e-01 -1.157595813274383545e-01
9.998226165771484375e-01 1.639564149081707001e-02 -9.264826774597167969e-03 -4.647578239440917969e+00 -1.620196364820003510e-02 9.996563196182250977e-01 2.060707658529281616e-02 2.201380729675292969e-01 9.599510580301284790e-03 -2.045334316790103912e-02 9.997447729110717773e-01 1.085439324378967285e-02
9.997779726982116699e-01 -1.946507953107357025e-02 -8.100022561848163605e-03 -4.453381061553955078e+00 1.955247670412063599e-02 9.997503757476806641e-01 1.085358206182718277e-02 -3.962874412536621094e-02 7.886735722422599792e-03 -1.100951991975307465e-02 9.999083280563354492e-01 8.268257975578308105e-02
9.985098838806152344e-01 -5.420599132776260376e-02 6.298269610852003098e-03 -3.126008749008178711e+00 5.414551869034767151e-02 9.984887242317199707e-01 9.405063465237617493e-03 1.456401348114013672e-01 -6.798562128096818924e-03 -9.050026535987854004e-03 9.999359250068664551e-01 9.126123785972595215e-02
9.976260066032409668e-01 6.873568892478942871e-02 4.238502122461795807e-03 -3.764881849288940430e+00 -6.875761598348617554e-02 9.976193904876708984e-01 5.271338392049074173e-03 3.133026361465454102e-01 -3.866082755848765373e-03 -5.550254601985216141e-03 9.999771118164062500e-01 3.122273087501525879e-02
9.925076961517333984e-01 -1.221805885434150696e-01 8.668203372508287430e-04 -3.258451938629150391e+00 1.221574395895004272e-01 9.924167394638061523e-01 1.369935739785432816e-02 6.920664310455322266e-01 -2.534037921577692032e-03 -1.349079143255949020e-02 9.999058842658996582e-01 -8.510220050811767578e-02
9.997812509536743164e-01 -2.093061804771423340e-02 -2.767690457403659821e-04 -4.187935352325439453e+00 2.093245089054107666e-02 9.996925592422485352e-01 1.331312023103237152e-02 9.914577007293701172e-02 -1.964857801795005798e-06 -1.331597566604614258e-02 9.999112486839294434e-01 5.037397146224975586e-03
9.994219541549682617e-01 -3.191091120243072510e-02 -1.174338720738887787e-02 -4.010198116302490234e+00 3.208879008889198303e-02 9.993682503700256348e-01 1.528304722160100937e-02 1.576524972915649414e-01 1.124827563762664795e-02 -1.565104350447654724e-02 9.998143315315246582e-01 -5.679595470428466797e-02
9.997843503952026367e-01 2.073984779417514801e-02 -1.182913780212402344e-03 -4.123732566833496094e+00 -2.074998989701271057e-02 9.997412562370300293e-01 -9.327363222837448120e-03 1.569495201110839844e-01 9.891593363136053085e-04 9.349900297820568085e-03 9.999558329582214355e-01 -1.770153641700744629e-02
9.989594221115112305e-01 4.514173045754432678e-02 -6.498051807284355164e-03 -4.118325710296630859e+00 -4.521815851330757141e-02 9.989031553268432617e-01 -1.214526034891605377e-02 1.214931011199951172e-01 5.942668765783309937e-03 1.242644898593425751e-02 9.999051690101623535e-01 7.931765913963317871e-02
9.998668432235717773e-01 1.418873388320207596e-02 8.061769418418407440e-03 -3.538492918014526367e+00 -1.413357816636562347e-02 9.998766779899597168e-01 -6.857232190668582916e-03 8.644375205039978027e-02 -8.158070035278797150e-03 6.742365658283233643e-03 9.999439716339111328e-01 6.465277075767517090e-02
9.992364645004272461e-01 -3.798582777380943298e-02 9.148167446255683899e-03 -3.944866657257080078e+00 3.774774819612503052e-02 9.989765882492065430e-01 2.492586895823478699e-02 2.806649208068847656e-01 -1.008563302457332611e-02 -2.456151321530342102e-02 9.996474385261535645e-01 2.258038520812988281e-02
9.996435642242431641e-01 -2.569908834993839264e-02 -7.210669573396444321e-03 -3.947483539581298828e+00 2.558054216206073761e-02 9.995434880256652832e-01 -1.607277244329452515e-02 5.846714973449707031e-02 7.620432414114475250e-03 1.588257588446140289e-02 9.998447299003601074e-01 9.003645181655883789e-02
9.998317360877990723e-01 -1.828002743422985077e-02 1.744277309626340866e-03 -3.368186712265014648e+00 1.827001199126243591e-02 9.998176693916320801e-01 5.586714483797550201e-03 1.284459829330444336e-01 -1.846083323471248150e-03 -5.553910043090581894e-03 9.999828338623046875e-01 8.381336927413940430e-03
9.998473525047302246e-01 -1.709667779505252838e-02 3.612313419580459595e-03 -2.665153741836547852e+00 1.709354668855667114e-02 9.998535513877868652e-01 8.998718112707138062e-04 -5.959331989288330078e-02 -3.627166152000427246e-03 -8.379891514778137207e-04 9.999930262565612793e-01 -1.226723194122314453e-03
9.982061386108398438e-01 -5.986263602972030640e-02 1.023185905069112778e-03 -4.306391716003417969e+00 5.984919518232345581e-02 9.981561899185180664e-01 1.011157594621181488e-02 6.442508697509765625e-01 -1.626603771001100540e-03 -1.003219932317733765e-02 9.999482035636901855e-01 2.754279971122741699e-02
9.999700188636779785e-01 -5.764306057244539261e-03 -5.154425743967294693e-03 -3.611597061157226562e+00 5.775828380137681961e-03 9.999808669090270996e-01 2.218446694314479828e-03 -2.126753330230712891e-02 5.141538102179765701e-03 -2.248152159154415131e-03 9.999843835830688477e-01 -1.850309967994689941e-02
9.997491836547851562e-01 -2.151221223175525665e-02 -6.223539821803569794e-03 -4.619933128356933594e+00 2.157065458595752716e-02 9.997223615646362305e-01 9.481395594775676727e-03 5.099737644195556641e-02 6.017846986651420593e-03 -9.613247588276863098e-03 9.999356865882873535e-01 -7.315364480018615723e-02
9.999803900718688965e-01 -5.755836609750986099e-03 -2.386138308793306351e-03 -3.815638065338134766e+00 5.755456630140542984e-03 9.999835491180419922e-01 -1.720227301120758057e-04 1.254334449768066406e-01 2.387089654803276062e-03 1.582764089107513428e-04 9.999971985816955566e-01 -7.595613598823547363e-02
9.999143481254577637e-01 -9.080794639885425568e-03 -9.431307204067707062e-03 -3.860372066497802734e+00 9.045142680406570435e-03 9.999519586563110352e-01 -3.816467942669987679e-03 -7.414811849594116211e-02 9.465508162975311279e-03 3.730849362909793854e-03 9.999482035636901855e-01 1.468050479888916016e-02
9.999722242355346680e-01 6.712352856993675232e-03 3.258052049204707146e-03 -4.203091144561767578e+00 -6.719880737364292145e-03 9.999746084213256836e-01 2.300071530044078827e-03 -6.455630064010620117e-03 -3.242531558498740196e-03 -2.321902662515640259e-03 9.999920129776000977e-01 -4.107749462127685547e-02
9.875004291534423828e-01 1.576004773378372192e-01 -2.210916019976139069e-03 -3.025125026702880859e+00 -1.575746834278106689e-01 9.874663352966308594e-01 8.970540016889572144e-03 -5.539655685424804688e-02 3.596965223550796509e-03 -8.510023355484008789e-03 9.999573230743408203e-01 1.628211140632629395e-02
9.998747706413269043e-01 -1.347682811319828033e-02 -8.283000439405441284e-03 -4.413311958312988281e+00 1.360617298632860184e-02 9.997833371162414551e-01 1.576078869402408600e-02 3.317613601684570312e-01 8.068799041211605072e-03 -1.587150618433952332e-02 9.998414516448974609e-01 -6.331951916217803955e-02
9.878188967704772949e-01 -1.554184854030609131e-01 7.670725695788860321e-03 -3.398679733276367188e+00 1.553745716810226440e-01 9.878373742103576660e-01 6.023548543453216553e-03 1.016458868980407715e-02 -8.513598702847957611e-03 -4.758337046951055527e-03 9.999524354934692383e-01 5.475819110870361328e-02
9.926239252090454102e-01 1.211625188589096069e-01 -4.204840864986181259e-03 -3.643497943878173828e+00 -1.210954561829566956e-01 9.925475120544433594e-01 1.362373866140842438e-02 8.779956102371215820e-01 5.824191030114889145e-03 -1.301406137645244598e-02 9.998983144760131836e-01 -1.226584911346435547e-01
9.902631044387817383e-01 -1.390929818153381348e-01 5.665591917932033539e-03 -2.854129076004028320e+00 1.390629410743713379e-01 9.902689456939697266e-01 5.388927180320024490e-03 -3.895919322967529297e-01 -6.360020954161882401e-03 -4.548581782728433609e-03 9.999694824218750000e-01 6.014174222946166992e-02
9.996660351753234863e-01 -2.571320533752441406e-02 2.586821326985955238e-03 -4.432030677795410156e+00 2.569566294550895691e-02 9.996480941772460938e-01 6.601450033485889435e-03 1.420717239379882812e-01 -2.755655441433191299e-03 -6.532774306833744049e-03 9.999748468399047852e-01 -1.400393247604370117e-02
9.987810254096984863e-01 4.935417324304580688e-02 -5.126260221004486084e-04 -3.007332563400268555e+00 -4.935536533594131470e-02 9.987788796424865723e-01 -2.272270619869232178e-03 -1.104425191879272461e-01 3.998535685241222382e-04 2.294800709933042526e-03 9.999973177909851074e-01 -4.049241542816162109e-03
9.903880953788757324e-01 -1.378705203533172607e-01 1.108571793884038925e-02 -3.105665445327758789e+00 1.377901881933212280e-01 9.904312491416931152e-01 7.712100632488727570e-03 -1.264979243278503418e-01 -1.204291079193353653e-02 -6.110435351729393005e-03 9.999087452888488770e-01 1.979792118072509766e-02
9.999638795852661133e-01 -8.459256961941719055e-03 6.026435876265168190e-04 -4.079660892486572266e+00 8.456865325570106506e-03 9.999569058418273926e-01 3.868444357067346573e-03 -1.768827438354492188e-01 -6.353419739753007889e-04 -3.863204736262559891e-03 9.999923706054687500e-01 -5.667686462402343750e-02
9.996927976608276367e-01 -1.168542727828025818e-02 -2.186110243201255798e-02 -3.088823080062866211e+00 1.159533392637968063e-02 9.999240636825561523e-01 -4.243585746735334396e-03 2.152494490146636963e-01 2.190902456641197205e-02 3.988805226981639862e-03 9.997520446777343750e-01 1.214025020599365234e-01
9.999765753746032715e-01 5.619626026600599289e-03 -3.859381657093763351e-03 -4.472918033599853516e+00 -5.574230104684829712e-03 9.999161362648010254e-01 1.167282089591026306e-02 3.678965568542480469e-01 3.924654331058263779e-03 -1.165101490914821625e-02 9.999243617057800293e-01 -5.589061975479125977e-02
9.999706745147705078e-01 -6.173898931592702866e-03 -4.548163153231143951e-03 -2.328757762908935547e+00 6.173202302306890488e-03 9.999811053276062012e-01 -1.793685369193553925e-04 6.494534015655517578e-02 4.549183882772922516e-03 1.512821763753890991e-04 9.999898076057434082e-01 3.490161895751953125e-02
9.987989664077758789e-01 -4.876878857612609863e-02 -4.758812952786684036e-03 -3.594242334365844727e+00 4.879151284694671631e-02 9.987975955009460449e-01 4.783634096384048462e-03 9.761571884155273438e-03 4.519798327237367630e-03 -5.010073538869619370e-03 9.999772906303405762e-01 5.245658755302429199e-02
9.996381402015686035e-01 -2.623706497251987457e-02 -5.948347039520740509e-03 -3.980490684509277344e+00 2.618429623544216156e-02 9.996185898780822754e-01 -8.781518787145614624e-03 1.004812270402908325e-01 6.176481023430824280e-03 8.622583001852035522e-03 9.999437332153320312e-01 -1.234710216522216797e-03
9.997259378433227539e-01 2.329705655574798584e-02 -2.328954171389341354e-03 -3.311885356903076172e+00 -2.330094575881958008e-02 9.997271299362182617e-01 -1.626030541956424713e-03 2.769300937652587891e-01 2.290437929332256317e-03 1.679854467511177063e-03 9.999959468841552734e-01 -3.997138142585754395e-02
9.998016953468322754e-01 1.841413974761962891e-02 -7.576793432235717773e-03 -3.691287994384765625e+00 -1.828009448945522308e-02 9.996817111968994141e-01 1.739581115543842316e-02 5.230358839035034180e-01 7.894709706306457520e-03 -1.725386083126068115e-02 9.998199939727783203e-01 7.655221223831176758e-02
9.999494552612304688e-01 1.001135166734457016e-02 -4.520025395322591066e-04 -4.054179191589355469e+00 -1.001603715121746063e-02 9.998783469200134277e-01 -1.194306556135416031e-02 5.792838707566261292e-02 3.323816054034978151e-04 1.194699201732873917e-02 9.999285340309143066e-01 7.658064365386962891e-03
9.972929954528808594e-01 -6.864134222269058228e-02 2.636536769568920135e-02 -1.773842811584472656e+00 6.843619048595428467e-02 9.976186156272888184e-01 8.607603609561920166e-03 2.532081007957458496e-01 -2.689341269433498383e-02 -6.779981311410665512e-03 9.996153712272644043e-01 4.063370227813720703e-01
9.981513023376464844e-01 -6.071195006370544434e-02 -2.924561267718672752e-03 -3.738065481185913086e+00 6.069246679544448853e-02 9.981366395950317383e-01 -6.349386181682348251e-03 2.111759781837463379e-01 3.304592799395322800e-03 6.160145625472068787e-03 9.999754428863525391e-01 3.420627117156982422e-02
9.862054586410522461e-01 1.655278354883193970e-01 -4.625739529728889465e-04 -2.898777484893798828e+00 -1.655285507440567017e-01 9.862027168273925781e-01 -2.213765867054462433e-03 9.311205148696899414e-02 8.975807577371597290e-05 2.259793691337108612e-03 9.999973773956298828e-01 -9.166777133941650391e-03
9.996098875999450684e-01 -2.176015079021453857e-02 -1.752693578600883484e-02 -3.492388725280761719e+00 2.137633040547370911e-02 9.995340108871459961e-01 -2.179646864533424377e-02 1.340068578720092773e-01 1.799305900931358337e-02 2.141329273581504822e-02 9.996087551116943359e-01 -3.017268329858779907e-02
9.987149238586425781e-01 -5.047076940536499023e-02 -4.584598354995250702e-03 -3.245133638381958008e+00 5.049600452184677124e-02 9.987086653709411621e-01 5.566329695284366608e-03 -7.881534099578857422e-02 4.297739826142787933e-03 -5.790685769170522690e-03 9.999740719795227051e-01 -5.580598115921020508e-02
9.991089105606079102e-01 -4.221114888787269592e-02 2.609393559396266937e-04 -3.758427858352661133e+00 4.219984263181686401e-02 9.989515542984008789e-01 1.775031164288520813e-02 3.464045524597167969e-01 -1.009925850667059422e-03 -1.772348023951053619e-02 9.998424053192138672e-01 1.225479543209075928e-01
9.965918064117431641e-01 -7.008388638496398926e-02 4.350675269961357117e-02 -1.565077304840087891e+00 7.106264680624008179e-02 9.972429275512695312e-01 -2.137081325054168701e-02 -3.731458187103271484e-01 -4.188904911279678345e-02 2.438966557383537292e-02 9.988245368003845215e-01 -5.727189779281616211e-02
9.999382495880126953e-01 9.262259118258953094e-03 -6.110148504376411438e-03 -4.621603012084960938e+00 -9.228412993252277374e-03 9.999419450759887695e-01 5.543496459722518921e-03 -2.972261905670166016e-01 6.161139346659183502e-03 -5.486769601702690125e-03 9.999659657478332520e-01 -6.804695725440979004e-02
9.998033642768859863e-01 -1.692105457186698914e-02 -1.032552588731050491e-02 -4.055318832397460938e+00 1.702148839831352234e-02 9.998075366020202637e-01 9.716227650642395020e-03 1.318981647491455078e-01 1.015913672745227814e-02 -9.890109300613403320e-03 9.998994469642639160e-01 -4.419255256652832031e-02
9.998615980148315430e-01 -1.662178151309490204e-02 -4.188986495137214661e-04 -4.209049701690673828e+00 1.662634685635566711e-02 9.997341632843017578e-01 1.595764607191085815e-02 2.267526388168334961e-01 1.535427290946245193e-04 -1.596236228942871094e-02 9.998724460601806641e-01 -2.659988403320312500e-02
9.885166883468627930e-01 1.506832391023635864e-01 -1.138184871524572372e-02 -2.676488399505615234e+00 -1.506745964288711548e-01 9.885823130607604980e-01 1.637725625187158585e-03 2.371838688850402832e-01 1.149867475032806396e-02 9.602727368474006653e-05 9.999338984489440918e-01 -3.490313887596130371e-02
9.997656345367431641e-01 2.113506942987442017e-02 -4.660415463149547577e-03 -3.304505825042724609e+00 -2.111411467194557190e-02 9.997670054435729980e-01 4.495382308959960938e-03 2.155488133430480957e-01 4.754339344799518585e-03 -4.395927768200635910e-03 9.999790191650390625e-01 1.102429628372192383e-02
9.999615550041198730e-01 8.120071142911911011e-03 -3.378273919224739075e-03 -3.930371761322021484e+00 -8.114252239465713501e-03 9.999656081199645996e-01 1.731692813336849213e-03 2.087993621826171875e-01 3.392220940440893173e-03 -1.704227179288864136e-03 9.999927878379821777e-01 -9.958654642105102539e-03
9.978846907615661621e-01 6.500284373760223389e-02 -9.187972173094749451e-04 -3.467900753021240234e+00 -6.500923633575439453e-02 9.978095889091491699e-01 -1.223890576511621475e-02 -1.089305877685546875e-01 1.212207134813070297e-04 1.227274909615516663e-02 9.999246597290039062e-01 3.103020787239074707e-02
9.993899464607238770e-01 -3.454842790961265564e-02 5.143734626471996307e-03 -3.815329790115356445e+00 3.452980518341064453e-02 9.993971586227416992e-01 3.666465170681476593e-03 -1.416635513305664062e-02 -5.267298780381679535e-03 -3.486627712845802307e-03 9.999799728393554688e-01 -5.492132902145385742e-02
9.982818365097045898e-01 -5.807808414101600647e-02 -7.777571212500333786e-03 -3.208216428756713867e+00 5.798307433724403381e-02 9.982464313507080078e-01 -1.194303482770919800e-02 -3.453836441040039062e-01 8.457560092210769653e-03 1.147154159843921661e-02 9.998983740806579590e-01 5.120638012886047363e-02
9.998440742492675781e-01 1.550015714019536972e-02 -8.463434875011444092e-03 -3.475015640258789062e+00 -1.542677544057369232e-02 9.998432993888854980e-01 8.668400347232818604e-03 9.917886555194854736e-02 8.596470579504966736e-03 -8.536435663700103760e-03 9.999266266822814941e-01 2.690953016281127930e-02
9.995833635330200195e-01 -2.870812080800533295e-02 -3.017940092831850052e-03 -4.002022743225097656e+00 2.876287885010242462e-02 9.993858933448791504e-01 2.001572214066982269e-02 2.388086318969726562e-01 2.441469579935073853e-03 -2.009423077106475830e-02 9.997953176498413086e-01 -1.020404696464538574e-02
9.999445676803588867e-01 7.388454861938953400e-03 7.529172115027904510e-03 -3.449951171875000000e+00 -7.456131279468536377e-03 9.999319911003112793e-01 8.997438475489616394e-03 2.302782535552978516e-01 -7.462180219590663910e-03 -9.053083136677742004e-03 9.999312162399291992e-01 -3.096178174018859863e-02
9.996442198753356934e-01 -2.571875602006912231e-02 -7.049381732940673828e-03 -3.671650886535644531e+00 2.585275657474994659e-02 9.994724988937377930e-01 1.963116973638534546e-02 2.076371908187866211e-01 6.540779024362564087e-03 -1.980637386441230774e-02 9.997823834419250488e-01 1.826798915863037109e-02
9.981807470321655273e-01 -6.027759984135627747e-02 -1.251856330782175064e-03 -4.549737453460693359e+00 6.023716926574707031e-02 9.979551434516906738e-01 -2.136834152042865753e-02 6.071887016296386719e-01 2.537328284233808517e-03 2.125407196581363678e-02 9.997708797454833984e-01 -1.679715514183044434e-01
9.999641776084899902e-01 -7.231495343148708344e-03 4.389927256852388382e-03 -3.722685337066650391e+00 7.187413983047008514e-03 9.999245405197143555e-01 9.975584223866462708e-03 -9.995412826538085938e-02 -4.461733624339103699e-03 -9.943607263267040253e-03 9.999407529830932617e-01 3.105288743972778320e-02
9.998319745063781738e-01 -1.793186925351619720e-02 -3.830968635156750679e-03 -3.926501750946044922e+00 1.793034374713897705e-02 9.998391866683959961e-01 -4.395348951220512390e-04 4.131391644477844238e-01 3.838235046714544296e-03 3.707725554704666138e-04 9.999926090240478516e-01 -3.953424096107482910e-02
9.998013377189636230e-01 -1.968971826136112213e-02 -3.088505472987890244e-03 -4.197337627410888672e+00 1.970033347606658936e-02 9.997999668121337891e-01 3.443636000156402588e-03 2.151023149490356445e-01 3.020084463059902191e-03 -3.503803163766860962e-03 9.999892115592956543e-01 -1.059598326683044434e-01
9.885281324386596680e-01 -1.508173048496246338e-01 8.130345493555068970e-03 -3.194679260253906250e+00 1.508500874042510986e-01 9.885502457618713379e-01 -3.583742538467049599e-03 -8.290877342224121094e-01 -7.496763952076435089e-03 4.769087769091129303e-03 9.999604821205139160e-01 7.266774773597717285e-02
9.995179772377014160e-01 -2.581569552421569824e-02 -1.725649088621139526e-02 -3.891330718994140625e+00 2.596042305231094360e-02 9.996291995048522949e-01 8.215432986617088318e-03 2.098381519317626953e-03 1.703800819814205170e-02 -8.659440092742443085e-03 9.998173713684082031e-01 -7.945010066032409668e-02
9.997850060462951660e-01 1.888076588511466980e-02 -8.582870475947856903e-03 -4.323047161102294922e+00 -1.896436512470245361e-02 9.997725486755371094e-01 -9.764434769749641418e-03 -3.387737274169921875e-02 8.396557532250881195e-03 9.925065562129020691e-03 9.999154806137084961e-01 -1.644903719425201416e-01
9.998894333839416504e-01 1.399152446538209915e-02 -5.011330358684062958e-03 -3.879191398620605469e+00 -1.412280183285474777e-02 9.995302557945251465e-01 -2.720193192362785339e-02 9.904241561889648438e-02 4.628377966582775116e-03 2.726969495415687561e-02 9.996173977851867676e-01 -1.457004100084304810e-01
9.994137883186340332e-01 -3.421114012598991394e-02 -1.155172009021043777e-03 -5.109019756317138672e+00 3.420987725257873535e-02 9.994138479232788086e-01 -1.091401558369398117e-03 -5.521523952484130859e-02 1.191830262541770935e-03 1.051246654242277145e-03 9.999987483024597168e-01 -5.152785778045654297e-02
9.999008774757385254e-01 -1.357472781091928482e-02 -3.752079093828797340e-03 -4.298719882965087891e+00 1.356987096369266510e-02 9.999070167541503906e-01 -1.315405126661062241e-03 4.853546619415283203e-03 3.769587259739637375e-03 1.264359336346387863e-03 9.999921321868896484e-01 4.968717694282531738e-02
9.930018782615661621e-01 -1.180904433131217957e-01 -1.515364507213234901e-03 -3.108168125152587891e+00 1.180947199463844299e-01 9.929976463317871094e-01 3.128601238131523132e-03 3.894817829132080078e-02 1.135295024141669273e-03 -3.285660641267895699e-03 9.999939203262329102e-01 -1.607808470726013184e-02
9.983742833137512207e-01 5.675265192985534668e-02 -5.292367190122604370e-03 -3.681871414184570312e+00 -5.672448128461837769e-02 9.983754158020019531e-01 5.324006080627441406e-03 -2.715699374675750732e-02 5.585921928286552429e-03 -5.015133414417505264e-03 9.999718070030212402e-01 -1.072680950164794922e-02
9.946506023406982422e-01 1.015384271740913391e-01 -1.897445321083068848e-02 -3.350678205490112305e+00 -1.012559607625007629e-01 9.947425723075866699e-01 1.529763080179691315e-02 1.182173639535903931e-01 2.042799070477485657e-02 -1.329449377954006195e-02 9.997028112411499023e-01 3.910005092620849609e-02
9.987025856971740723e-01 5.091274529695510864e-02 1.184563385322690010e-03 -3.685783147811889648e+00 -5.090965330600738525e-02 9.987003803253173828e-01 -2.515641041100025177e-03 2.567235231399536133e-01 -1.311103347688913345e-03 2.452078275382518768e-03 9.999961256980895996e-01 -3.466820716857910156e-02
9.996072649955749512e-01 2.685102634131908417e-02 -8.033595979213714600e-03 -3.966958999633789062e+00 -2.689184993505477905e-02 9.996256232261657715e-01 -5.018587689846754074e-03 2.659076452255249023e-01 7.895836606621742249e-03 5.232678260654211044e-03 9.999551177024841309e-01 -4.514980316162109375e-02
9.998812079429626465e-01 -1.537114940583705902e-02 1.192874275147914886e-03 -2.813444375991821289e+00 1.535884011536836624e-02 9.998356699943542480e-01 9.669293649494647980e-03 -7.489621639251708984e-04 -1.341304276138544083e-03 -9.649825282394886017e-03 9.999526143074035645e-01 1.086449027061462402e-01
9.991370439529418945e-01 -3.866180405020713806e-02 1.518288813531398773e-02 -3.274420499801635742e+00 3.778013214468955994e-02 9.977934956550598145e-01 5.459784716367721558e-02 8.421761989593505859e-01 -1.726023666560649872e-02 -5.397708341479301453e-02 9.983929395675659180e-01 1.908488273620605469e-01
9.999356865882873535e-01 6.492580287158489227e-04 1.133408676832914352e-02 -4.414352416992187500e+00 -7.129231817089021206e-04 9.999844431877136230e-01 5.609749350696802139e-03 -9.286403656005859375e-02 -1.133026275783777237e-02 -5.617474205791950226e-03 9.999200701713562012e-01 7.437354326248168945e-02
9.929922819137573242e-01 -1.181738451123237610e-01 1.170352334156632423e-03 -2.857477188110351562e+00 1.181750446557998657e-01 9.929922223091125488e-01 -1.026013516820967197e-03 1.366530656814575195e-01 -1.040905481204390526e-03 1.157126855105161667e-03 9.999987483024597168e-01 3.358978033065795898e-02
9.993954300880432129e-01 -3.467085957527160645e-02 -2.495669759809970856e-03 -4.098438739776611328e+00 3.467485681176185608e-02 9.993971586227416992e-01 1.580259064212441444e-03 -2.123519778251647949e-02 2.439367584884166718e-03 -1.665958669036626816e-03 9.999956488609313965e-01 -4.697620868682861328e-03
9.872254133224487305e-01 1.590290516614913940e-01 -9.783031418919563293e-03 -3.311423778533935547e+00 -1.589461117982864380e-01 9.872487783432006836e-01 8.743492886424064636e-03 -2.453362941741943359e-01 1.104875560849905014e-02 -7.076825015246868134e-03 9.999138712882995605e-01 3.956463932991027832e-02
9.925923943519592285e-01 1.214020475745201111e-01 -4.687546752393245697e-03 -3.427952766418457031e+00 -1.214556023478507996e-01 9.925025701522827148e-01 -1.367689203470945358e-02 7.488429546356201172e-02 2.991999965161085129e-03 1.414490677416324615e-02 9.998955130577087402e-01 -9.842753410339355469e-03
9.999899864196777344e-01 4.315708298236131668e-03 -1.255192793905735016e-03 -3.298787355422973633e+00 -4.297843668609857559e-03 9.998942613601684570e-01 1.389523409307003021e-02 2.028529644012451172e-01 1.315028406679630280e-03 -1.388969831168651581e-02 9.999026656150817871e-01 -7.325679063796997070e-03
9.990981221199035645e-01 -4.191691055893898010e-02 -6.799248047173023224e-03 -3.286546468734741211e+00 4.208938404917716980e-02 9.987329244613647461e-01 2.759513258934020996e-02 9.021914005279541016e-02 5.633932538330554962e-03 -2.785645052790641785e-02 9.995960593223571777e-01 2.286493778228759766e-02
9.994664788246154785e-01 -3.158461302518844604e-02 -8.328649215400218964e-03 -4.477606773376464844e+00 3.167191892862319946e-02 9.994426965713500977e-01 1.056695543229579926e-02 8.406019210815429688e-02 7.990259677171707153e-03 -1.082490943372249603e-02 9.999095201492309570e-01 1.232767105102539062e-02
9.999943375587463379e-01 3.233180905226618052e-05 -3.379452507942914963e-03 -3.560980796813964844e+00 -2.274459257023409009e-05 9.999961256980895996e-01 2.841131296008825302e-03 1.863714158535003662e-01 3.379530273377895355e-03 -2.841049339622259140e-03 9.999904036521911621e-01 2.268189191818237305e-02
9.999997019767761230e-01 1.847963721957057714e-04 8.019065135158598423e-04 -3.923138141632080078e+00 -1.844673970481380820e-04 9.999998807907104492e-01 -4.012854769825935364e-04 2.902398109436035156e-01 -8.019803790375590324e-04 4.011355340480804443e-04 9.999996423721313477e-01 4.167604446411132812e-02
9.999188780784606934e-01 1.266318466514348984e-02 -1.449537347070872784e-03 -4.244381427764892578e+00 -1.264745462685823441e-02 9.998660087585449219e-01 1.040267758071422577e-02 2.658045291900634766e-02 1.581074669957160950e-03 -1.038350444287061691e-02 9.999447464942932129e-01 -1.454648375511169434e-02
9.998607039451599121e-01 1.627327501773834229e-02 -3.661451861262321472e-03 -4.302325248718261719e+00 -1.625462062656879425e-02 9.998550415039062500e-01 5.076048430055379868e-03 -2.541536092758178711e-02 3.743525128811597824e-03 -5.015835631638765335e-03 9.999805688858032227e-01 -1.810163259506225586e-02
9.999510645866394043e-01 8.292794227600097656e-03 -5.397049710154533386e-03 -4.236090660095214844e+00 -8.366332389414310455e-03 9.998704791069030762e-01 -1.375029515475034714e-02 1.931885778903961182e-01 5.282321944832801819e-03 1.379476301372051239e-02 9.998909831047058105e-01 -4.505631327629089355e-02
9.997985959053039551e-01 -1.248041447252035141e-02 -1.571582444012165070e-02 -3.855486631393432617e+00 1.252041012048721313e-02 9.999187588691711426e-01 2.447636798024177551e-03 -2.215361595153808594e-02 1.568400114774703979e-02 -2.643927931785583496e-03 9.998735189437866211e-01 -2.457100152969360352e-02
9.999380707740783691e-01 -1.029218360781669617e-02 -4.227756056934595108e-03 -3.965030431747436523e+00 1.027125213295221329e-02 9.999347925186157227e-01 -4.943654406815767288e-03 -5.719378590583801270e-02 4.278362728655338287e-03 4.899908322840929031e-03 9.999787807464599609e-01 -1.012349128723144531e-02
9.999489784240722656e-01 4.805067554116249084e-03 -8.875178173184394836e-03 -3.954389095306396484e+00 -4.762876778841018677e-03 9.999771714210510254e-01 4.768819548189640045e-03 1.897060871124267578e-01 8.897889405488967896e-03 -4.726433195173740387e-03 9.999493360519409180e-01 -4.103022813796997070e-02
9.994430541992187500e-01 -3.055048547685146332e-02 -1.340782362967729568e-02 -4.102501869201660156e+00 3.056891635060310364e-02 9.995317459106445312e-01 1.171629875898361206e-03 -2.705081701278686523e-01 1.336575578898191452e-02 -1.580758020281791687e-03 9.999094605445861816e-01 -4.666498303413391113e-02
9.998734593391418457e-01 -1.527077052742242813e-02 -4.453487228602170944e-03 -4.004168033599853516e+00 1.528396084904670715e-02 9.998791217803955078e-01 2.945392392575740814e-03 1.786062717437744141e-01 4.407969303429126740e-03 -3.013077192008495331e-03 9.999857544898986816e-01 1.854819059371948242e-02
9.981440305709838867e-01 -6.086957082152366638e-02 -1.913580694235861301e-03 -3.528138160705566406e+00 6.089698895812034607e-02 9.979016780853271484e-01 2.200097776949405670e-02 2.045751810073852539e-01 5.703751812689006329e-04 -2.207667008042335510e-02 9.997560977935791016e-01 4.109933972358703613e-02
9.996867179870605469e-01 -2.497874200344085693e-02 -1.765335910022258759e-03 -4.295175075531005859e+00 2.496755123138427734e-02 9.996697902679443359e-01 -6.099354475736618042e-03 -1.070728302001953125e-01 1.917110756039619446e-03 6.053293123841285706e-03 9.999797940254211426e-01 1.395276188850402832e-02
9.994871616363525391e-01 -3.201275318861007690e-02 -7.963217794895172119e-04 -4.138012409210205078e+00 3.202198445796966553e-02 9.993187189102172852e-01 1.835438981652259827e-02 -5.856275558471679688e-03 2.082047285512089729e-04 -1.837048679590225220e-02 9.998311400413513184e-01 1.072129905223846436e-01
9.996718168258666992e-01 -2.527268417179584503e-02 -4.189751110970973969e-03 -4.074959278106689453e+00 2.531206049025058746e-02 9.996331930160522461e-01 9.627598337829113007e-03 -9.422769397497177124e-02 3.944898024201393127e-03 -9.730488993227481842e-03 9.999448657035827637e-01 3.393784165382385254e-02
9.960099458694458008e-01 -8.913121372461318970e-02 -4.459469579160213470e-03 -5.595356941223144531e+00 8.911884576082229614e-02 9.960168600082397461e-01 -2.930811373516917229e-03 1.966995000839233398e-01 4.702933598309755325e-03 2.521693706512451172e-03 9.999858736991882324e-01 -6.466442346572875977e-02
9.988357424736022949e-01 4.817208647727966309e-02 -2.591963857412338257e-03 -2.896211147308349609e+00 -4.817381873726844788e-02 9.988387823104858398e-01 -6.564967334270477295e-04 -1.129646301269531250e-01 2.557328436523675919e-03 7.806001231074333191e-04 9.999963641166687012e-01 -3.782990574836730957e-02
9.999462366104125977e-01 3.260326571762561798e-03 -9.856764227151870728e-03 -4.016997814178466797e+00 -3.358379937708377838e-03 9.999446272850036621e-01 -9.947475977241992950e-03 -9.057313203811645508e-02 9.823791682720184326e-03 9.980130009353160858e-03 9.999019503593444824e-01 -5.962008237838745117e-02
9.998590350151062012e-01 1.679551042616367340e-02 1.849894179031252861e-04 -3.848780393600463867e+00 -1.679540053009986877e-02 9.998592138290405273e-01 -5.832361057400703430e-04 1.261058747768402100e-01 -1.947588752955198288e-04 5.800626240670681000e-04 9.999998211860656738e-01 -7.119113206863403320e-02
9.997717142105102539e-01 -2.114375121891498566e-02 -3.057841211557388306e-03 -3.734622955322265625e+00 2.115146629512310028e-02 9.997732043266296387e-01 2.512688515707850456e-03 8.706939220428466797e-02 3.004021011292934418e-03 -2.576773520559072495e-03 9.999921321868896484e-01 1.868048310279846191e-02
9.999191164970397949e-01 -1.139370910823345184e-02 -5.663427058607339859e-03 -3.224436998367309570e+00 1.138256676495075226e-02 9.999332427978515625e-01 -1.995046623051166534e-03 -1.015669107437133789e-01 5.685780663043260574e-03 1.930423080921173096e-03 9.999819993972778320e-01 -5.796250700950622559e-02
9.991955757141113281e-01 -4.004556313157081604e-02 2.140133175998926163e-03 -2.277752399444580078e+00 4.004928469657897949e-02 9.991959333419799805e-01 -1.803954830393195152e-03 1.077449321746826172e-02 -2.066173590719699860e-03 1.888213912025094032e-03 9.999960660934448242e-01 9.396106004714965820e-03
9.995364546775817871e-01 -2.866827137768268585e-02 -1.023099198937416077e-02 -3.521271467208862305e+00 2.861602604389190674e-02 9.995769262313842773e-01 -5.221880506724119186e-03 -1.357948780059814453e-01 1.037636306136846542e-02 4.926690366119146347e-03 9.999339580535888672e-01 -3.641632199287414551e-02
9.998242855072021484e-01 -1.746271736919879913e-02 -6.829127669334411621e-03 -4.031508445739746094e+00 1.741377264261245728e-02 9.998225569725036621e-01 -7.162429392337799072e-03 6.421363353729248047e-02 6.952991709113121033e-03 7.042240351438522339e-03 9.999510049819946289e-01 -8.968216180801391602e-02
9.980519413948059082e-01 -6.231519579887390137e-02 2.974429167807102203e-03 -3.555634260177612305e+00 6.223822757601737976e-02 9.978346824645996094e-01 2.127083763480186462e-02 2.925605773925781250e-01 -4.293484613299369812e-03 -2.104428038001060486e-02 9.997693300247192383e-01 5.457454919815063477e-02
9.999521970748901367e-01 -9.779036045074462891e-03 4.682137514464557171e-04 -3.867917537689208984e+00 9.769957512617111206e-03 9.998164176940917969e-01 1.647569984197616577e-02 8.971941471099853516e-02 -6.292435573413968086e-04 -1.647033542394638062e-02 9.998641014099121094e-01 1.356533169746398926e-02
9.981601834297180176e-01 6.035958975553512573e-02 -5.707268603146076202e-03 -3.686596155166625977e+00 -6.034402176737785339e-02 9.981734156608581543e-01 2.861554501578211784e-03 4.731345176696777344e-02 5.869566462934017181e-03 -2.511875703930854797e-03 9.999794960021972656e-01 3.417134284973144531e-04
9.996497631072998047e-01 2.644470892846584320e-02 6.358048412948846817e-04 -4.728281021118164062e+00 -2.644921094179153442e-02 9.996132254600524902e-01 8.606741204857826233e-03 1.170985698699951172e-01 -4.079559585079550743e-04 -8.620569482445716858e-03 9.999627470970153809e-01 -4.166564345359802246e-02
9.928458333015441895e-01 -1.193252131342887878e-01 -4.307669587433338165e-03 -2.224333524703979492e+00 1.193378418684005737e-01 9.928498268127441406e-01 2.809458877891302109e-03 -8.993744850158691406e-02 3.941629547625780106e-03 -3.303427016362547874e-03 9.999867677688598633e-01 7.176938652992248535e-02
9.967242479324340820e-01 -7.983969897031784058e-02 -1.290591992437839508e-02 -3.149269342422485352e+00 8.013723045587539673e-02 9.964831471443176270e-01 2.447446994483470917e-02 1.236053705215454102e-01 1.090651005506515503e-02 -2.542853355407714844e-02 9.996169805526733398e-01 3.515654802322387695e-02
9.998834729194641113e-01 1.217275951057672501e-02 -9.233285672962665558e-03 -3.966003894805908203e+00 -1.217854116111993790e-02 9.999257326126098633e-01 -5.784579552710056305e-04 9.465521574020385742e-02 9.225560352206230164e-03 6.908497307449579239e-04 9.999570846557617188e-01 3.003177046775817871e-02
9.998708963394165039e-01 9.662220254540443420e-03 -1.284530479460954666e-02 -3.945694446563720703e+00 -9.611733257770538330e-03 9.999458193778991699e-01 3.986458294093608856e-03 -4.992842674255371094e-02 1.288312952965497971e-02 -3.862456884235143661e-03 9.999096393585205078e-01 -3.679275512695312500e-02
9.976738691329956055e-01 -6.811003386974334717e-02 -2.849995624274015427e-03 -3.822652339935302734e+00 6.814955919981002808e-02 9.975222945213317871e-01 1.746247895061969757e-02 5.697178840637207031e-02 1.653563696891069412e-03 -1.761608943343162537e-02 9.998434782028198242e-01 9.283393621444702148e-02
9.999887943267822266e-01 -1.366459531709551811e-03 -4.500973038375377655e-03 -3.457892179489135742e+00 1.424190821126103401e-03 9.999169111251831055e-01 1.282209344208240509e-02 -1.694881618022918701e-01 4.483069758862257004e-03 -1.282836403697729111e-02 9.999077916145324707e-01 -1.742064952850341797e-03
9.836378693580627441e-01 1.800831109285354614e-01 5.172773730009794235e-03 -2.159840106964111328e+00 -1.801404207944869995e-01 9.835337400436401367e-01 1.451409049332141876e-02 3.608730733394622803e-01 -2.473854925483465195e-03 -1.520843245089054108e-02 9.998813271522521973e-01 2.652308344841003418e-02
9.996879100799560547e-01 -2.496157027781009674e-02 -8.897751104086637497e-04 -3.676730632781982422e+00 2.496190927922725677e-02 9.996883273124694824e-01 4.538204520940780640e-04 3.241786062717437744e-01 8.781698998063802719e-04 -4.758890718221664429e-04 9.999995827674865723e-01 3.448200225830078125e-02
9.943072199821472168e-01 1.064987778663635254e-01 3.369973972439765930e-03 -3.568448305130004883e+00 -1.065042689442634583e-01 9.943113327026367188e-01 1.491931267082691193e-03 2.266322374343872070e-01 -3.191913012415170670e-03 -1.842356519773602486e-03 9.999932646751403809e-01 7.101124525070190430e-02
9.827809333801269531e-01 1.844637393951416016e-01 1.072822324931621552e-02 -3.121153831481933594e+00 -1.845199316740036011e-01 9.828186631202697754e-01 4.490968771278858185e-03 1.827911138534545898e-01 -9.715477004647254944e-03 -6.393208168447017670e-03 9.999322891235351562e-01 1.168170571327209473e-02
9.999055266380310059e-01 9.575949981808662415e-03 -9.888558648526668549e-03 -4.844386100769042969e+00 -9.578851051628589630e-03 9.999543428421020508e-01 -2.474444918334484100e-04 4.532653093338012695e-02 9.885735809803009033e-03 3.421506844460964203e-04 9.999510645866394043e-01 2.276572585105895996e-02
9.972665309906005859e-01 7.311739027500152588e-02 -1.062694657593965530e-02 -2.842530012130737305e+00 -7.298669219017028809e-02 9.972581863403320312e-01 1.221105828881263733e-02 -7.612860202789306641e-02 1.149065047502517700e-02 -1.140205562114715576e-02 9.998689293861389160e-01 -1.125878095626831055e-01
9.995820522308349609e-01 2.703649736940860748e-02 -1.022108364850282669e-02 -3.600913047790527344e+00 -2.700681798160076141e-02 9.996306300163269043e-01 3.030707128345966339e-03 -7.086962461471557617e-03 1.029924768954515457e-02 -2.753404900431632996e-03 9.999431967735290527e-01 3.633496165275573730e-02
9.993665218353271484e-01 -3.534829244017601013e-02 4.087345674633979797e-03 -3.539149999618530273e+00 3.532001003623008728e-02 9.993531107902526855e-01 6.785081699490547180e-03 1.822338104248046875e-01 -4.324542824178934097e-03 -6.636414676904678345e-03 9.999687075614929199e-01 -2.895137667655944824e-02
9.999669194221496582e-01 -7.217546459287405014e-03 3.711609635502099991e-03 -4.456070899963378906e+00 7.249764166772365570e-03 9.999353885650634766e-01 -8.720470592379570007e-03 8.596682548522949219e-02 -3.648431040346622467e-03 8.747098967432975769e-03 9.999550580978393555e-01 -6.048351526260375977e-02
9.998840689659118652e-01 -1.341507956385612488e-02 -7.233720272779464722e-03 -3.912426710128784180e+00 1.349989976733922958e-02 9.998391866683959961e-01 1.180637069046497345e-02 1.547744274139404297e-01 7.074172608554363251e-03 -1.190264709293842316e-02 9.999040961265563965e-01 -7.934889197349548340e-02
9.999684095382690430e-01 7.870608940720558167e-03 -1.117550302296876907e-03 -3.973930120468139648e+00 -7.869975641369819641e-03 9.999690055847167969e-01 5.619004368782043457e-04 2.588264942169189453e-01 1.121938112191855907e-03 -5.530919879674911499e-04 9.999991655349731445e-01 -8.984458446502685547e-02
