1.000000 0.000000 0.000000 0.000000 0.000000 1.000000 0.000000 0.000000 0.000000 0.000000 1.000000 -0.000000
0.999998 0.000527 -0.002067 -0.046903 -0.000530 0.999999 -0.001155 -0.028399 0.002066 0.001156 0.999997 0.858694
0.999991 0.001049 -0.004131 -0.093743 -0.001059 0.999997 -0.002308 -0.056761 0.004129 0.002312 0.999989 1.716275
0.999980 0.001566 -0.006199 -0.140643 -0.001588 0.999993 -0.003463 -0.085158 0.006193 0.003472 0.999975 2.574964
0.999964 0.002078 -0.008263 -0.187486 -0.002117 0.999987 -0.004616 -0.113520 0.008254 0.004633 0.999955 3.432648
0.999686 -0.006600 0.024153 0.039005 0.006304 0.999904 0.012322 -0.099714 -0.024232 -0.012165 0.999632 1.550009
0.999404 -0.009895 0.033076 0.007493 0.009780 0.999946 0.003638 -0.110076 -0.033111 -0.003313 0.999446 2.199937
0.999193 -0.006301 0.039664 -0.121198 0.005957 0.999944 0.008785 -0.152631 -0.039718 -0.008542 0.999174 3.511834
0.999228 -0.006669 0.038727 -0.195670 0.006563 0.999974 0.002847 -0.211322 -0.038745 -0.002591 0.999246 3.980686
0.999860 -0.003441 0.016410 -0.145261 0.003442 0.999994 0.000016 -0.208076 -0.016409 0.000041 0.999865 5.206962
0.999953 -0.007269 -0.006372 -0.181110 0.007208 0.999928 -0.009564 -0.265068 0.006441 0.009517 0.999934 6.169313
0.999604 -0.000447 0.028086 -0.416614 0.000530 0.999995 -0.002972 -0.261276 -0.028084 0.002985 0.999601 6.818689
0.999743 0.001551 -0.022646 -0.219802 -0.001682 0.999982 -0.005763 -0.299086 0.022636 0.005800 0.999727 8.077859
0.999524 0.005971 -0.030264 -0.353933 -0.006238 0.999942 -0.008776 -0.329497 0.030210 0.008961 0.999504 9.572726
0.999976 -0.000123 0.006927 -0.503296 0.000149 0.999993 -0.003631 -0.391354 -0.006926 0.003631 0.999969 10.511840
0.999985 0.004342 -0.003284 -0.499463 -0.004382 0.999917 -0.012070 -0.401588 0.003231 0.012084 0.999921 11.266959
0.999817 0.001877 0.019058 -0.378540 -0.001697 0.999954 -0.009422 -0.444578 -0.019074 0.009388 0.999773 12.460557
0.999645 0.003032 0.026485 -0.527462 -0.002687 0.999911 -0.013062 -0.493971 -0.026522 0.012985 0.999564 13.484464
0.999732 0.000278 0.023151 -0.531033 -0.000046 0.999949 -0.010025 -0.528421 -0.023153 0.010021 0.999681 14.285007
0.999966 0.005414 0.006152 -0.303219 -0.005291 0.999791 -0.019710 -0.597795 -0.006258 0.019677 0.999786 15.051172
0.999392 0.004625 0.034539 -0.195586 -0.004273 0.999939 -0.010263 -0.563512 -0.034584 0.010109 0.999351 16.177490
0.999877 0.007511 -0.013829 -0.273328 -0.007692 0.999885 -0.013054 -0.637510 0.013729 0.013159 0.999819 17.125206
0.999565 0.006352 -0.028785 0.054691 -0.006728 0.999893 -0.012996 -0.650589 0.028700 0.013184 0.999501 18.745505
0.999913 0.006706 -0.011365 -0.295254 -0.006929 0.999781 -0.019732 -0.670537 0.011231 0.019810 0.999741 19.173652
0.998929 0.000791 -0.046284 -0.418026 -0.001575 0.999855 -0.016914 -0.708232 0.046264 0.016969 0.998785 20.433097
0.999349 0.002891 -0.035971 -0.492277 -0.003566 0.999819 -0.018688 -0.716183 0.035911 0.018804 0.999178 21.166315
0.999974 0.003266 -0.006491 -0.701011 -0.003405 0.999764 -0.021455 -0.718479 0.006420 0.021476 0.999748 21.835250
0.999849 0.009101 -0.014839 -0.871717 -0.009427 0.999712 -0.022061 -0.730868 0.014633 0.022198 0.999646 22.615542
0.999967 0.006389 -0.004910 -0.924236 -0.006482 0.999792 -0.019293 -0.677249 0.004786 0.019325 0.999802 23.498469
0.999841 -0.001079 -0.017809 -1.050676 0.000804 0.999881 -0.015421 -0.735344 0.017824 0.015404 0.999722 24.106529
0.999417 0.004707 -0.033819 -1.058349 -0.005426 0.999760 -0.021194 -0.807029 0.033711 0.021366 0.999204 24.829118
0.999930 -0.008021 -0.008647 -1.281280 0.007841 0.999755 -0.020699 -0.794369 0.008811 0.020630 0.999749 25.884011
0.999952 -0.006935 -0.006942 -1.271862 0.006908 0.999968 -0.004014 -0.786952 0.006969 0.003966 0.999967 26.594397
0.999970 -0.001189 -0.007732 -1.306481 0.001153 0.999988 -0.004645 -0.885423 0.007738 0.004637 0.999959 27.551558
0.999961 0.003006 0.008247 -1.177533 -0.002979 0.999990 -0.003422 -0.796756 -0.008257 0.003396 0.999960 28.584234
0.999955 -0.004501 0.008333 -1.488788 0.004603 0.999915 -0.012238 -0.852639 -0.008278 0.012275 0.999891 29.371475
0.999745 0.000733 -0.022528 -1.730552 -0.001048 0.999902 -0.013951 -0.846910 0.022516 0.013970 0.999649 29.885607
0.999976 -0.005429 -0.004231 -1.580529 0.005332 0.999727 -0.022728 -0.910305 0.004354 0.022706 0.999733 31.024916
0.999968 -0.005958 0.005463 -1.917778 0.006042 0.999862 -0.015431 -0.944550 -0.005371 0.015463 0.999866 32.230413
0.999910 -0.012594 0.004747 -1.903283 0.012658 0.999827 -0.013631 -1.002010 -0.004574 0.013690 0.999896 33.241654
0.999899 -0.012933 -0.005899 -1.887807 0.012915 0.999911 -0.003215 -0.991562 0.005940 0.003139 0.999978 34.261439
0.999766 -0.021618 0.001116 -2.112835 0.021620 0.999765 -0.000850 -1.001964 -0.001097 0.000874 0.999999 35.036604
0.999482 -0.029954 -0.011779 -2.222267 0.029879 0.999532 -0.006582 -1.096864 0.011971 0.006227 0.999909 36.173477
0.999822 -0.018751 0.002037 -2.165312 0.018787 0.999631 -0.019622 -1.141009 -0.001669 0.019657 0.999806 37.300035
0.999920 -0.012347 0.002913 -2.217026 0.012410 0.999650 -0.023391 -1.211241 -0.002623 0.023425 0.999722 38.438636
0.999842 -0.017649 0.002071 -2.299740 0.017685 0.999658 -0.019296 -1.239825 -0.001731 0.019329 0.999811 38.933425
0.999869 -0.012253 0.010621 -2.506088 0.012443 0.999762 -0.017959 -1.228935 -0.010399 0.018090 0.999782 40.046881
0.999895 -0.013756 0.004662 -2.381359 0.013846 0.999705 -0.019922 -1.290467 -0.004386 0.019984 0.999791 41.119645
0.999805 -0.019754 -0.000003 -2.566613 0.019755 0.999793 -0.004821 -1.334865 0.000098 0.004821 0.999989 42.110595
0.999606 -0.028023 -0.001774 -2.750750 0.028004 0.999557 -0.010092 -1.363523 0.002057 0.010038 0.999948 43.189117
0.999522 -0.029038 -0.010688 -2.458391 0.029092 0.999564 0.005002 -1.265726 0.010539 -0.005311 0.999930 44.445453
0.999592 -0.016939 -0.022977 -2.408585 0.017043 0.999845 0.004361 -1.319778 0.022900 -0.004750 0.999726 45.686540
0.999195 -0.021145 -0.034093 -2.253849 0.020914 0.999756 -0.007123 -1.376995 0.034235 0.006404 0.999393 46.869733
0.999610 -0.020506 -0.018989 -2.351575 0.020306 0.999737 -0.010677 -1.446963 0.019202 0.010288 0.999763 48.101197
0.999363 -0.013170 -0.033180 -2.468237 0.013174 0.999913 -0.000100 -1.420875 0.033178 -0.000337 0.999450 49.242573
0.999709 0.000624 -0.024131 -2.491521 -0.000649 0.999999 -0.001015 -1.410813 0.024131 0.001031 0.999708 50.046603
0.999587 -0.008570 -0.027443 -2.579258 0.008349 0.999932 -0.008159 -1.551134 0.027511 0.007926 0.999590 51.012753
0.998801 -0.003362 -0.048841 -2.727281 0.003192 0.999988 -0.003567 -1.599426 0.048853 0.003407 0.998800 52.158492
0.999273 0.000737 -0.038109 -2.576958 -0.001307 0.999887 -0.014945 -1.690974 0.038093 0.014985 0.999161 53.248229
0.998525 -0.000073 -0.054294 -2.785315 -0.000570 0.999930 -0.011824 -1.725434 0.054291 0.011838 0.998455 54.068846
0.997766 -0.009758 -0.066086 -3.053861 0.009343 0.999935 -0.006575 -1.768345 0.066146 0.005943 0.997791 55.163367
0.998585 -0.013617 -0.051399 -3.312790 0.013369 0.999897 -0.005164 -1.819771 0.051464 0.004470 0.998665 55.949835
0.997740 -0.002649 -0.067139 -3.444042 0.002020 0.999953 -0.009444 -1.824999 0.067161 0.009286 0.997699 57.042326
0.998232 -0.008441 -0.058823 -3.062417 0.008278 0.999961 -0.003003 -1.872388 0.058846 0.002511 0.998264 57.570230
0.997774 -0.018903 -0.063945 -3.207031 0.018568 0.999810 -0.005824 -1.903385 0.064043 0.004623 0.997937 58.418875
0.999025 -0.009066 -0.043193 -3.030311 0.008539 0.999887 -0.012374 -1.929739 0.043301 0.011993 0.998990 59.413451
0.998708 -0.022321 -0.045651 -3.263126 0.022629 0.999724 0.006248 -1.936784 0.045499 -0.007273 0.998938 60.227600
0.998529 -0.022680 -0.049252 -3.269125 0.023465 0.999606 0.015398 -1.971658 0.048883 -0.016531 0.998668 61.196348
0.998201 -0.022565 -0.055548 -3.540007 0.022784 0.999734 0.003308 -1.992188 0.055458 -0.004567 0.998450 62.212616
0.999204 -0.012629 -0.037840 -3.467870 0.012427 0.999907 -0.005576 -2.080467 0.037906 0.005101 0.999268 63.509388
0.998537 -0.019532 -0.050412 -3.583815 0.019262 0.999797 -0.005840 -2.035888 0.050516 0.004861 0.998711 64.188061
0.998051 -0.009105 -0.061740 -3.609568 0.008153 0.999844 -0.015664 -2.195352 0.061873 0.015131 0.997970 65.332931
0.998656 -0.009871 -0.050878 -3.720174 0.009281 0.999887 -0.011838 -2.156767 0.050989 0.011350 0.998634 66.265853
0.998276 -0.008583 -0.058067 -3.837071 0.008014 0.999917 -0.010020 -2.224865 0.058147 0.009538 0.998263 67.486787
0.999126 0.003887 -0.041632 -3.907887 -0.004104 0.999979 -0.005145 -2.242467 0.041611 0.005311 0.999120 68.548012
0.997861 0.002318 -0.065343 -4.133914 -0.002974 0.999946 -0.009946 -2.258338 0.065316 0.010119 0.997813 69.088666
0.996733 -0.002925 -0.080716 -4.200266 0.002553 0.999986 -0.004711 -2.287856 0.080728 0.004490 0.996726 70.012281
0.997454 0.004706 -0.071158 -4.198322 -0.005436 0.999935 -0.010073 -2.313437 0.071107 0.010434 0.997414 70.736906
0.997552 0.004346 -0.069791 -4.183360 -0.005448 0.999863 -0.015612 -2.323827 0.069714 0.015953 0.997440 71.376092
0.998685 0.001434 -0.051233 -4.259603 -0.001764 0.999977 -0.006420 -2.336275 0.051222 0.006503 0.998666 71.707467
0.997277 -0.001401 -0.073730 -4.280823 0.001752 0.999988 0.004700 -2.255439 0.073723 -0.004816 0.997267 72.409791
0.998045 0.004839 -0.062310 -4.068109 -0.004092 0.999919 0.012118 -2.315391 0.062364 -0.011839 0.997983 72.734723
0.998258 0.011497 -0.057857 -4.207864 -0.010801 0.999865 0.012321 -2.315387 0.057990 -0.011675 0.998249 73.789833
0.996830 0.020617 -0.076836 -4.187273 -0.020683 0.999786 -0.000065 -2.331835 0.076819 0.001654 0.997043 74.541406
0.997398 0.012746 -0.070958 -4.339651 -0.012855 0.999917 -0.001069 -2.385956 0.070938 0.001979 0.997478 75.026447
0.997136 0.023313 -0.071937 -4.334927 -0.024733 0.999516 -0.018898 -2.417806 0.071462 0.020623 0.997231 75.900629
0.996210 0.018903 -0.084912 -4.398420 -0.020023 0.999723 -0.012347 -2.443204 0.084654 0.014001 0.996312 76.608686
0.995326 0.024609 -0.093395 -4.628040 -0.025558 0.999633 -0.008974 -2.468245 0.093140 0.011318 0.995589 77.386931
0.994408 0.017171 -0.104207 -4.818473 -0.017160 0.999853 0.000997 -2.560923 0.104208 0.000796 0.994555 77.830405
0.994773 0.011190 -0.101498 -4.655830 -0.012572 0.999837 -0.012984 -2.544031 0.101336 0.014192 0.994751 78.462411
0.992781 0.009349 -0.119580 -4.802791 -0.011900 0.999716 -0.020641 -2.667863 0.119353 0.021914 0.992610 79.621470
0.993707 0.011690 -0.111396 -4.935800 -0.015326 0.999375 -0.031840 -2.641450 0.110954 0.033347 0.993266 80.074515
0.991698 0.007668 -0.128363 -4.893446 -0.011691 0.999463 -0.030619 -2.714494 0.128059 0.031866 0.991254 80.629511
0.992664 0.016593 -0.119761 -4.872372 -0.019959 0.999437 -0.026968 -2.723388 0.119247 0.029161 0.992436 81.462057
0.992574 0.013030 -0.120942 -4.977610 -0.015625 0.999667 -0.020536 -2.747832 0.120634 0.022273 0.992448 81.919473
0.992504 0.009046 -0.121882 -4.899148 -0.010773 0.999850 -0.013518 -2.795578 0.121740 0.014730 0.992452 82.511235
0.993580 0.004702 -0.113035 -5.020428 -0.005614 0.999954 -0.007756 -2.920934 0.112992 0.008341 0.993561 83.228418
0.993057 -0.000764 -0.117633 -5.163144 -0.001026 0.999884 -0.015165 -2.920188 0.117631 0.015180 0.992941 83.890669
0.993778 0.013821 -0.110519 -5.321825 -0.014404 0.999886 -0.004473 -2.937606 0.110444 0.006038 0.993864 84.121427
0.995233 0.013293 -0.096624 -5.319744 -0.014248 0.999856 -0.009211 -2.955391 0.096488 0.010544 0.995278 85.002044
0.998517 0.009937 -0.053524 -5.105606 -0.010810 0.999813 -0.016039 -3.010934 0.053355 0.016594 0.998438 85.635001
0.999323 0.007602 -0.036004 -5.114949 -0.008101 0.999873 -0.013731 -3.023906 0.035896 0.014013 0.999257 85.739985
0.999947 0.009479 0.003989 -4.481351 -0.009441 0.999913 -0.009212 -3.053358 -0.004076 0.009173 0.999949 86.271469
0.999617 0.014834 -0.023369 -4.618573 -0.014930 0.999881 -0.003874 -3.101995 0.023308 0.004222 0.999719 86.825334
0.999028 -0.001459 0.044047 -4.292899 0.001713 0.999982 -0.005732 -3.122253 -0.044037 0.005802 0.999013 86.980049
0.997602 0.002527 0.069159 -4.083870 -0.002292 0.999992 -0.003482 -3.108946 -0.069167 0.003315 0.997599 87.094056
0.995793 -0.000334 0.091621 -4.003268 0.000655 0.999994 -0.003483 -3.068840 -0.091619 0.003529 0.995788 87.547353
0.990663 0.004852 0.136243 -4.079988 -0.004333 0.999983 -0.004097 -3.130931 -0.136261 0.003469 0.990667 88.030844
0.982855 0.002712 0.184357 -3.915409 -0.002438 0.999995 -0.001710 -3.093765 -0.184361 0.001231 0.982858 88.171712
0.976189 0.016731 0.216274 -3.543797 -0.014665 0.999830 -0.011149 -3.081089 -0.216424 0.007712 0.976268 88.226775
0.944132 0.008866 0.329451 -2.820079 -0.005051 0.999910 -0.012435 -3.176693 -0.329531 0.010077 0.944091 88.925699
0.937549 0.009239 0.347730 -2.885652 -0.006657 0.999941 -0.008617 -3.114079 -0.347788 0.005765 0.937555 89.274239
0.915372 0.004642 0.402584 -2.437142 -0.000399 0.999943 -0.010623 -3.162422 -0.402610 0.009563 0.915322 89.361439
0.859310 0.002597 0.511449 -1.607830 0.004358 0.999913 -0.012400 -3.203913 -0.511437 0.012884 0.859225 89.406099
0.824716 -0.002766 0.565541 -1.160371 0.010193 0.999898 -0.009973 -3.216188 -0.565456 0.013989 0.824661 89.672307
0.808171 -0.005068 0.588926 -1.107548 0.009870 0.999939 -0.004939 -3.185300 -0.588864 0.009804 0.808172 89.671317
0.778221 -0.003632 0.627980 -0.940520 0.011361 0.999901 -0.008295 -3.195144 -0.627888 0.013590 0.778184 89.803911
0.718570 -0.002515 0.695450 -0.933294 0.008872 0.999946 -0.005550 -3.137203 -0.695398 0.010158 0.718553 89.894699
0.673557 -0.005013 0.739118 -0.387408 0.011036 0.999934 -0.003275 -3.105628 -0.739052 0.010363 0.673568 89.810158
0.604582 -0.003804 0.796534 0.026727 0.012241 0.999915 -0.004516 -3.140217 -0.796449 0.012480 0.604578 89.976592
0.560352 0.003838 0.828246 -0.105759 0.007527 0.999924 -0.009727 -3.099008 -0.828220 0.011684 0.560280 90.129698
0.550962 0.011352 0.834453 -0.129556 -0.001371 0.999918 -0.012698 -3.126643 -0.834528 0.005853 0.550933 89.869202
0.495416 -0.002158 0.868653 0.165265 0.020860 0.999738 -0.009414 -3.125173 -0.868406 0.022785 0.495331 89.931625
0.454727 -0.012938 0.890537 0.402858 0.043365 0.999030 -0.007630 -3.125868 -0.889574 0.042088 0.454847 89.736354
0.384258 -0.018030 0.923050 0.349330 0.051934 0.998648 -0.002114 -3.185872 -0.921763 0.048750 0.384675 90.118417
0.368587 -0.014351 0.929482 1.018895 0.039040 0.999238 -0.000053 -3.112907 -0.928773 0.036307 0.368867 89.605115
0.329977 -0.008263 0.943952 1.414731 0.022655 0.999743 0.000832 -3.132422 -0.943717 0.021111 0.330079 89.691735
0.286417 -0.000298 0.958105 1.552463 0.022843 0.999718 -0.006518 -3.135439 -0.957833 0.023753 0.286343 89.648292
0.269184 0.005234 0.963074 2.073796 0.019582 0.999749 -0.010906 -3.149071 -0.962889 0.021795 0.269014 89.637686
0.254476 0.004976 0.967066 2.821942 0.033693 0.999334 -0.014007 -3.195571 -0.966492 0.036149 0.254138 89.593243
0.211313 0.019444 0.977225 3.263664 0.041712 0.998712 -0.028892 -3.196785 -0.976528 0.046868 0.210229 89.710797
0.191921 0.026563 0.981051 3.576815 0.049306 0.998110 -0.036670 -3.188861 -0.980171 0.055410 0.190249 89.679171
0.191348 0.029872 0.981067 4.101486 0.046362 0.998146 -0.039434 -3.188160 -0.980426 0.053029 0.189609 89.735937
0.166095 0.025345 0.985784 5.044305 0.044813 0.998442 -0.033221 -3.226549 -0.985091 0.049694 0.164701 89.703593
0.144548 0.017792 0.989337 5.603564 0.046585 0.998608 -0.024765 -3.277044 -0.988400 0.049668 0.143518 89.737462
0.132809 0.009758 0.991094 6.221479 0.048889 0.998670 -0.016383 -3.293109 -0.989935 0.050628 0.132155 89.689529
0.121467 0.011239 0.992532 6.757571 0.051091 0.998540 -0.017560 -3.314502 -0.991280 0.052842 0.120715 89.681181
0.102786 0.009059 0.994662 7.413861 0.055631 0.998341 -0.014840 -3.286994 -0.993147 0.056859 0.102111 89.704285
0.075507 0.015558 0.997024 8.092636 0.055384 0.998269 -0.019772 -3.344352 -0.995606 0.056713 0.074514 89.586132
0.073980 0.009830 0.997211 8.604044 0.053408 0.998477 -0.013805 -3.379610 -0.995828 0.054280 0.073341 89.600107
0.059433 0.017679 0.998076 9.362602 0.060837 0.997920 -0.021300 -3.374588 -0.996377 0.061986 0.058233 89.638521
0.069300 0.016469 0.997459 10.288976 0.056429 0.998198 -0.020402 -3.399000 -0.995998 0.057700 0.068246 89.730151
0.066276 0.022114 0.997557 10.966247 0.062750 0.997683 -0.026286 -3.430749 -0.995826 0.064338 0.064735 89.625914
0.038452 0.022485 0.999007 11.815464 0.057581 0.998036 -0.024679 -3.474998 -0.997600 0.058473 0.037081 89.611519
0.041773 0.020253 0.998922 12.307070 0.056780 0.998131 -0.022611 -3.473916 -0.997513 0.057662 0.040545 89.702304
0.034245 0.017762 0.999255 13.098895 0.068668 0.997437 -0.020084 -3.522785 -0.997051 0.069305 0.032937 89.669964
0.041789 0.017461 0.998974 14.181805 0.067013 0.997547 -0.020240 -3.498054 -0.996877 0.067791 0.040517 89.744796
0.029561 0.020823 0.999346 14.362658 0.073209 0.997053 -0.022941 -3.534922 -0.996878 0.073839 0.027950 89.700400
0.037976 0.022161 0.999033 15.479572 0.072520 0.997057 -0.024874 -3.572154 -0.996644 0.073394 0.036257 89.732733
0.046175 0.018874 0.998755 16.407046 0.077278 0.996758 -0.022410 -3.614581 -0.995940 0.078216 0.044567 89.846399
0.040508 0.019919 0.998980 17.080144 0.085803 0.996039 -0.023339 -3.594306 -0.995488 0.086661 0.038639 89.646756
0.038611 0.024577 0.998952 17.442853 0.085927 0.995913 -0.027823 -3.600754 -0.995553 0.086910 0.036340 89.813732
0.035544 0.014102 0.999269 18.522236 0.085352 0.996205 -0.017095 -3.595575 -0.995717 0.085897 0.034205 89.822321
0.046096 0.008102 0.998904 19.021721 0.085991 0.996223 -0.012048 -3.611690 -0.995229 0.086453 0.045226 89.844842
0.047339 0.006363 0.998859 19.939198 0.086640 0.996185 -0.010453 -3.671674 -0.995114 0.087035 0.046608 89.960419
0.037674 0.012256 0.999215 20.889004 0.075311 0.997046 -0.015069 -3.641469 -0.996448 0.075820 0.036640 90.240051
0.065324 0.020794 0.997647 21.743831 0.084840 0.996047 -0.026317 -3.742554 -0.994251 0.086360 0.063301 90.315582
0.073358 0.018995 0.997124 22.630896 0.083418 0.996198 -0.025113 -3.777620 -0.993811 0.085020 0.071494 90.281135
0.080326 0.027422 0.996391 23.344329 0.066056 0.997278 -0.032772 -3.813609 -0.994577 0.068450 0.078296 90.127900
0.045019 0.021896 0.998746 24.125908 0.072398 0.997060 -0.025122 -3.900325 -0.996359 0.073437 0.043301 90.327800
0.085001 0.024676 0.996075 25.020105 0.067204 0.997274 -0.030440 -3.892724 -0.994112 0.069529 0.083111 90.409933
0.055953 0.015221 0.998317 26.348066 0.066901 0.997579 -0.018960 -3.979963 -0.996189 0.067849 0.054800 90.309857
0.076939 0.021389 0.996807 26.827020 0.054263 0.998198 -0.025607 -3.986505 -0.995558 0.056060 0.075639 90.468979
0.077839 0.021832 0.996727 27.804928 0.065112 0.997515 -0.026934 -4.101221 -0.994838 0.066995 0.076224 90.591002
0.091247 0.021627 0.995593 28.282261 0.056729 0.998027 -0.026879 -4.100569 -0.994211 0.058932 0.089840 90.584150
0.107493 0.023073 0.993938 28.967463 0.048899 0.998399 -0.028465 -4.116034 -0.993002 0.051662 0.106192 90.600701
0.130099 0.023270 0.991228 29.583354 0.061611 0.997603 -0.031507 -4.210017 -0.989584 0.065169 0.128352 90.836545
0.121659 0.024058 0.992280 30.260952 0.047691 0.998410 -0.030055 -4.232721 -0.991425 0.050979 0.120318 90.696631
0.103039 0.011690 0.994608 30.815711 0.037404 0.999178 -0.015619 -4.209457 -0.993973 0.038812 0.102517 90.782594
0.104707 0.011327 0.994438 31.351649 0.041251 0.999025 -0.015723 -4.259196 -0.993647 0.042668 0.104138 90.699856
0.097106 0.014529 0.995167 32.127116 0.041858 0.998949 -0.018668 -4.295581 -0.994393 0.043469 0.096396 90.824604
0.090185 0.010135 0.995873 32.997562 0.035279 0.999288 -0.013365 -4.318443 -0.995300 0.036338 0.089763 90.837869
0.056463 0.010899 0.998345 33.527907 0.041588 0.999047 -0.013259 -4.365922 -0.997539 0.042267 0.055955 90.795687
0.050945 0.014351 0.998598 34.867810 0.047348 0.998737 -0.016769 -4.377702 -0.997578 0.048136 0.050201 90.728143
0.024636 0.011190 0.999634 35.797630 0.045628 0.998883 -0.012306 -4.409435 -0.998655 0.045915 0.024098 90.582586
0.022514 0.009363 0.999702 36.757743 0.040542 0.999126 -0.010270 -4.428636 -0.998924 0.040762 0.022113 90.504063
-0.004893 0.010627 0.999931 37.599917 0.043767 0.998988 -0.010401 -4.507526 -0.999030 0.043713 -0.005354 90.533167
-0.028162 0.009738 0.999556 38.230163 0.048244 0.998800 -0.008371 -4.499064 -0.998439 0.047987 -0.028598 90.432565
-0.027062 0.019993 0.999434 39.263485 0.043754 0.998866 -0.018796 -4.628005 -0.998676 0.043221 -0.027906 90.510185
-0.046677 0.012551 0.998832 40.077566 0.042098 0.999057 -0.010586 -4.635483 -0.998023 0.041555 -0.047161 90.394083
-0.048942 0.018284 0.998634 41.087742 0.035347 0.999237 -0.016562 -4.694670 -0.998176 0.034488 -0.049552 90.315592
-0.056762 0.021241 0.998162 41.661141 0.047279 0.998709 -0.018564 -4.731271 -0.997267 0.046138 -0.057692 90.292221
-0.061206 0.023309 0.997853 42.672772 0.046415 0.998713 -0.020482 -4.732811 -0.997046 0.045062 -0.062208 90.146597
-0.074068 0.017863 0.997093 43.123987 0.049084 0.998693 -0.014246 -4.718012 -0.996044 0.047886 -0.074848 89.860769
-0.069909 0.021481 0.997322 44.004515 0.048576 0.998656 -0.018105 -4.750047 -0.996370 0.047179 -0.070859 89.779249
-0.099825 0.015798 0.994879 44.553227 0.051855 0.998598 -0.010654 -4.763463 -0.993653 0.050526 -0.100504 89.672191
-0.090020 0.010512 0.995884 44.887174 0.050859 0.998688 -0.005944 -4.694681 -0.994640 0.050114 -0.090437 89.609608
-0.108062 0.009206 0.994102 45.923653 0.051751 0.998653 -0.003622 -4.773951 -0.992795 0.051055 -0.108393 89.368840
-0.095761 0.015379 0.995286 46.288178 0.049842 0.998700 -0.010636 -4.790134 -0.994156 0.048589 -0.096402 89.479704
-0.109724 0.016719 0.993821 47.010199 0.053544 0.998506 -0.010886 -4.809565 -0.992519 0.052018 -0.110456 89.179867
-0.101855 0.013203 0.994711 47.775399 0.055765 0.998415 -0.007542 -4.829133 -0.993235 0.054703 -0.102430 89.112728
-0.100706 0.018148 0.994751 48.177523 0.056980 0.998298 -0.012445 -4.846204 -0.993283 0.055427 -0.101568 89.012326
-0.104993 0.008600 0.994435 49.171089 0.051512 0.998667 -0.003198 -4.910426 -0.993138 0.050889 -0.105296 88.783817
-0.102377 0.009689 0.994699 49.771192 0.055443 0.998454 -0.004019 -4.896471 -0.993199 0.054738 -0.102756 88.751142
-0.103813 0.007925 0.994566 50.637411 0.052305 0.998628 -0.002498 -4.882946 -0.993221 0.051760 -0.104086 88.688751
-0.086855 0.015374 0.996102 51.069720 0.052630 0.998556 -0.010823 -5.007068 -0.994830 0.051485 -0.087539 88.549368
-0.053499 0.024782 0.998260 51.908279 0.052022 0.998403 -0.021999 -5.061904 -0.997212 0.050755 -0.054703 88.609958
-0.064797 0.021368 0.997670 52.823570 0.052348 0.998467 -0.017986 -5.008836 -0.996525 0.051061 -0.065815 88.510482
-0.067621 0.022361 0.997460 53.170318 0.056941 0.998206 -0.018517 -5.118719 -0.996085 0.055545 -0.068773 88.538069
-0.055378 0.036087 0.997813 53.503713 0.054942 0.997942 -0.033042 -5.155691 -0.996952 0.052992 -0.057247 88.577593
-0.052828 0.028123 0.998207 54.379624 0.058672 0.997964 -0.025011 -5.189854 -0.996879 0.057246 -0.054372 88.482694
-0.016275 0.034382 0.999276 54.700642 0.056733 0.997831 -0.033408 -5.245441 -0.998257 0.056148 -0.018190 88.467084
0.024127 0.022264 0.999461 55.043379 0.048549 0.998546 -0.023417 -5.178906 -0.998529 0.049088 0.023011 88.783777
0.076593 0.018322 0.996894 55.231293 0.040314 0.998956 -0.021458 -5.268532 -0.996247 0.041833 0.075774 88.861766
0.144062 0.006044 0.989551 56.191398 0.026007 0.999613 -0.009890 -5.220327 -0.989227 0.027160 0.143849 89.119631
0.149486 0.003263 0.988758 56.096161 0.030836 0.999492 -0.007960 -5.184381 -0.988283 0.031679 0.149310 89.640183
0.200882 0.000714 0.979615 56.544671 0.023650 0.999705 -0.005579 -5.202553 -0.979330 0.024287 0.200806 89.843940
0.244839 -0.003219 0.969558 56.881437 0.034882 0.999376 -0.005491 -5.244993 -0.968936 0.035164 0.244798 89.965193
0.322569 0.000981 0.946546 57.018117 0.030630 0.999465 -0.011474 -5.291969 -0.946050 0.032693 0.322366 90.443834
0.428254 0.002381 0.903655 57.707093 0.042945 0.998813 -0.022984 -5.336877 -0.902637 0.048650 0.427644 91.283532
0.508623 0.010468 0.860925 57.609672 0.032743 0.998968 -0.031491 -5.435580 -0.860366 0.044206 0.507756 91.666940
0.560702 0.024168 0.827664 57.634943 0.026255 0.998553 -0.046944 -5.433447 -0.827601 0.048052 0.559257 92.403172
0.615918 0.026506 0.787365 57.788832 0.018806 0.998655 -0.048330 -5.445398 -0.787586 0.044574 0.614590 92.750660
0.702272 0.022610 0.711549 57.649674 0.012422 0.998955 -0.044002 -5.463696 -0.711800 0.039739 0.701257 93.068800
0.736977 0.019904 0.675626 58.214772 0.012320 0.999005 -0.042870 -5.454520 -0.675806 0.039918 0.735998 94.128684
0.778101 0.009171 0.628072 58.163212 0.014608 0.999359 -0.032690 -5.491285 -0.627969 0.034612 0.777469 94.281635
0.825716 0.000844 0.564084 58.517438 0.017518 0.999478 -0.027137 -5.563560 -0.563813 0.032289 0.825271 94.872323
0.852577 -0.002054 0.522598 58.853289 0.016113 0.999621 -0.022359 -5.563487 -0.522353 0.027483 0.852286 95.302767
0.883574 -0.003872 0.468274 58.652857 0.006812 0.999966 -0.004583 -5.473501 -0.468241 0.007240 0.883571 95.621998
0.898040 0.001737 0.439910 58.644140 0.003377 0.999936 -0.010843 -5.570245 -0.439900 0.011222 0.897976 95.904761
0.928803 0.007850 0.370492 58.702040 -0.008331 0.999965 -0.000304 -5.526531 -0.370481 -0.002803 0.928835 96.531537
0.943652 0.014576 0.330619 58.782585 -0.014971 0.999887 -0.001349 -5.580279 -0.330601 -0.003677 0.943763 96.827524
0.953297 0.015155 0.301652 58.752378 -0.015690 0.999876 -0.000649 -5.577796 -0.301625 -0.004115 0.953418 97.427905
0.963151 0.006583 0.268882 58.835729 -0.004858 0.999964 -0.007078 -5.602568 -0.268918 0.005512 0.963147 98.074749
0.967470 0.011872 0.252709 58.932767 -0.011770 0.999929 -0.001917 -5.618134 -0.252713 -0.001119 0.967540 98.183661
0.970384 0.006987 0.241467 58.949439 -0.007216 0.999974 0.000063 -5.578693 -0.241460 -0.001804 0.970409 98.773914
0.971196 0.027003 0.236745 59.111856 -0.027626 0.999618 -0.000688 -5.643317 -0.236674 -0.005872 0.971571 99.635279
0.973822 0.027400 0.225658 59.129264 -0.027121 0.999623 -0.004334 -5.661747 -0.225692 -0.001900 0.974197 99.816552
0.977922 0.037281 0.205620 59.215883 -0.036740 0.999304 -0.006447 -5.717804 -0.205717 -0.001250 0.978610 100.579868
0.979355 0.037725 0.198596 59.431686 -0.037061 0.999288 -0.007061 -5.695166 -0.198721 -0.000446 0.980056 101.544801
0.978756 0.037258 0.201614 59.607982 -0.034692 0.999266 -0.016250 -5.748545 -0.202072 0.008911 0.979330 102.037977
0.976123 0.033052 0.214692 59.567258 -0.027744 0.999232 -0.027692 -5.744755 -0.215442 0.021074 0.976289 102.482313
0.969858 0.041623 0.240087 59.654782 -0.034382 0.998821 -0.034268 -5.796300 -0.241231 0.024980 0.970146 103.250439
0.969698 0.044142 0.240284 59.879471 -0.037295 0.998760 -0.032968 -5.816743 -0.241441 0.023007 0.970143 104.059696
0.959572 0.054308 0.276173 60.192891 -0.048355 0.998428 -0.028328 -5.838628 -0.277277 0.013829 0.960690 104.332733
0.968442 0.041387 0.245783 60.297722 -0.038747 0.999128 -0.015570 -5.859750 -0.246213 0.005555 0.969200 105.378945
0.974240 0.041866 0.221591 60.375277 -0.039963 0.999116 -0.013065 -5.922663 -0.221942 0.003874 0.975052 106.161690
0.970228 0.051133 0.236733 60.779272 -0.052401 0.998625 -0.000936 -5.940475 -0.236456 -0.011497 0.971574 106.989673
0.966824 0.043236 0.251759 61.006832 -0.042911 0.999056 -0.006781 -6.004396 -0.251815 -0.004247 0.967766 107.661780
0.966478 0.038864 0.253790 61.137564 -0.038129 0.999242 -0.007817 -5.988349 -0.253902 -0.002122 0.967228 108.220429
0.966178 0.036817 0.255232 61.105078 -0.032116 0.999229 -0.022563 -6.100892 -0.255866 0.013603 0.966617 108.759246
0.966836 0.044755 0.251445 61.379844 -0.036989 0.998684 -0.035532 -6.162788 -0.252703 0.025054 0.967219 109.871350
0.965654 0.038159 0.257012 61.610933 -0.028814 0.998782 -0.040031 -6.216487 -0.258228 0.031251 0.965578 110.360007
0.966876 0.034184 0.252947 61.749827 -0.029519 0.999318 -0.022212 -6.120996 -0.253534 0.014009 0.967225 110.628457
0.970279 0.031172 0.239972 62.024360 -0.027235 0.999435 -0.019713 -6.253054 -0.240450 0.012591 0.970579 111.616995
0.965980 0.021508 0.257722 62.160610 -0.018744 0.999737 -0.013179 -6.221481 -0.257937 0.007900 0.966129 112.238908
0.969669 0.036190 0.241727 62.552948 -0.033633 0.999326 -0.014700 -6.245589 -0.242096 0.006124 0.970232 112.871936
0.970295 0.050259 0.236646 62.661969 -0.046294 0.998679 -0.022283 -6.336811 -0.237453 0.010667 0.971340 113.736549
0.969946 0.037821 0.240361 62.870857 -0.030746 0.998979 -0.033115 -6.383912 -0.241368 0.024730 0.970119 114.738995
0.968238 0.051409 0.244689 63.024870 -0.043282 0.998322 -0.038475 -6.466634 -0.246256 0.026663 0.968838 115.948262
0.971294 0.053311 0.231833 63.061225 -0.047045 0.998365 -0.032482 -6.448205 -0.233186 0.020642 0.972213 116.284657
0.966012 0.043043 0.254888 63.267483 -0.036857 0.998900 -0.028993 -6.454756 -0.255856 0.018614 0.966535 116.849463
0.972653 0.036303 0.229408 63.382802 -0.030859 0.999152 -0.027273 -6.473710 -0.230203 0.019448 0.972948 117.758030
0.977163 0.036639 0.209311 63.547275 -0.034114 0.999295 -0.015666 -6.492056 -0.209738 0.008168 0.977723 118.655345
0.972679 0.018026 0.231455 63.698481 -0.014234 0.999736 -0.018044 -6.529976 -0.231719 0.014257 0.972679 119.105553
0.972944 0.023558 0.229835 63.943206 -0.021255 0.999696 -0.012494 -6.546684 -0.230060 0.007271 0.973149 119.966986
0.972964 0.022072 0.229899 64.299517 -0.019021 0.999699 -0.015479 -6.583277 -0.230172 0.010688 0.973091 120.722080
0.980666 0.036673 0.192217 63.891913 -0.032550 0.999168 -0.024568 -6.606103 -0.192959 0.017837 0.981045 121.702203
0.984492 0.050855 0.167896 63.816651 -0.048075 0.998631 -0.020584 -6.623309 -0.168713 0.012193 0.985590 122.794494
0.982409 0.068514 0.173716 63.450400 -0.065455 0.997583 -0.023285 -6.585506 -0.174892 0.011505 0.984520 124.109995
0.988098 0.061346 0.141062 63.518342 -0.059500 0.998079 -0.017270 -6.629754 -0.141851 0.008671 0.989851 124.618318
0.990292 0.071422 0.119245 64.158716 -0.069611 0.997388 -0.019292 -6.687395 -0.120310 0.010804 0.992678 125.212044
0.990811 0.051934 0.124889 64.972333 -0.049534 0.998524 -0.022250 -6.845044 -0.125860 0.015858 0.991921 125.547595
0.990925 0.050369 0.124624 64.995781 -0.047958 0.998601 -0.022280 -6.851181 -0.125572 0.016102 0.991954 126.059881
0.992729 0.031955 0.116051 65.343745 -0.029742 0.999342 -0.020750 -6.905643 -0.116638 0.017148 0.993027 127.287283
0.987797 0.037465 0.151176 65.804137 -0.034676 0.999177 -0.021041 -6.937147 -0.151840 0.015542 0.988283 128.356887
0.982756 0.043478 0.179718 65.960097 -0.041516 0.999030 -0.014670 -6.989477 -0.180182 0.006955 0.983608 129.532739
0.976819 0.037363 0.210783 66.245688 -0.034738 0.999266 -0.016148 -7.045537 -0.211230 0.008452 0.977400 130.267518
0.983936 0.046530 0.172351 66.241939 -0.046565 0.998908 -0.003845 -7.047597 -0.172342 -0.004242 0.985028 131.486641
0.980741 0.056212 0.187048 66.409940 -0.052649 0.998325 -0.023970 -7.150108 -0.188083 0.013661 0.982058 132.174996
0.978320 0.043613 0.202453 66.587103 -0.036167 0.998531 -0.040334 -7.215504 -0.203915 0.032137 0.978460 132.595090
0.980005 0.032502 0.196300 66.965400 -0.022861 0.998428 -0.051181 -7.309965 -0.197655 0.045670 0.979208 133.515206
0.980149 0.036990 0.194783 67.086250 -0.031384 0.999002 -0.031787 -7.269263 -0.195764 0.025042 0.980332 134.125183
0.971353 0.023671 0.236458 67.386602 -0.022022 0.999711 -0.009610 -7.290954 -0.236617 0.004127 0.971594 134.905155
0.969302 0.020994 0.244977 67.514997 -0.027300 0.999377 0.022367 -7.243306 -0.244354 -0.028368 0.969271 135.286165
0.971168 0.020995 0.237467 67.787033 -0.025003 0.999591 0.013882 -7.254306 -0.237078 -0.019418 0.971296 136.037804
0.975614 0.030214 0.217403 67.769269 -0.029028 0.999541 -0.008648 -7.299088 -0.217564 0.002127 0.976043 136.840823
0.978700 0.035982 0.202120 68.293704 -0.031224 0.999156 -0.026680 -7.343954 -0.202910 0.019801 0.978998 137.548481
0.973462 0.030177 0.226851 69.092871 -0.025158 0.999371 -0.024985 -7.370851 -0.227462 0.018616 0.973609 138.314244
0.970147 0.025382 0.241185 68.844595 -0.020734 0.999547 -0.021795 -7.312283 -0.241629 0.016144 0.970234 138.832919
0.973199 0.036487 0.227051 69.323205 -0.030720 0.999111 -0.028884 -7.445001 -0.227902 0.021135 0.973455 140.124878
0.973101 0.036337 0.227491 69.604316 -0.031026 0.999158 -0.026879 -7.414222 -0.228276 0.019098 0.973408 140.819721
0.965353 0.033922 0.258732 69.392557 -0.027124 0.999188 -0.029798 -7.459904 -0.259532 0.021748 0.965489 141.954818
0.969036 0.053452 0.241064 69.581118 -0.048235 0.998458 -0.027496 -7.454915 -0.242162 0.015017 0.970119 143.016459
0.970063 0.056428 0.236207 69.636978 -0.051499 0.998309 -0.026991 -7.538280 -0.237330 0.014019 0.971327 143.931470
0.974173 0.052625 0.219585 69.807721 -0.048402 0.998526 -0.024573 -7.553616 -0.220555 0.013310 0.975284 145.042153
0.974815 0.057291 0.215529 70.121256 -0.051712 0.998168 -0.031439 -7.688895 -0.216935 0.019501 0.975991 146.254031
0.975892 0.054277 0.211396 70.191708 -0.046467 0.998047 -0.041742 -7.695162 -0.213248 0.030913 0.976509 147.225582
0.980621 0.037261 0.192339 70.400898 -0.029910 0.998712 -0.040985 -7.780231 -0.193618 0.034438 0.980473 148.366825
0.980734 0.040623 0.191073 70.531933 -0.034797 0.998825 -0.033748 -7.768118 -0.192220 0.026449 0.980995 148.850642
0.982322 0.044901 0.181733 70.539755 -0.039810 0.998709 -0.031573 -7.852547 -0.182916 0.023781 0.982841 149.787054
0.984391 0.024877 0.174227 70.358539 -0.023717 0.999680 -0.008742 -7.717547 -0.174390 0.004473 0.984666 149.723477
0.986212 0.032113 0.162343 70.114250 -0.032639 0.999467 0.000573 -7.691007 -0.162238 -0.005864 0.986734 150.653780
0.990321 0.034647 0.134402 70.268796 -0.035088 0.999384 0.000914 -7.700373 -0.134288 -0.005621 0.990926 151.050077
0.988901 0.036663 0.143982 70.502930 -0.036739 0.999322 -0.002140 -7.750812 -0.143962 -0.003174 0.989578 151.720005
0.994342 0.033555 0.100790 69.885975 -0.033185 0.999435 -0.005349 -7.746531 -0.100912 0.001975 0.994893 152.718879
0.992783 0.041155 0.112642 71.024749 -0.039269 0.999050 -0.018908 -7.806656 -0.113313 0.014348 0.993455 153.395304
0.995164 0.021961 0.095742 70.983633 -0.020903 0.999709 -0.012037 -7.833224 -0.095978 0.009977 0.995333 154.365519
0.993841 0.042745 0.102237 71.061842 -0.041153 0.998997 -0.017638 -7.844939 -0.102888 0.013322 0.994603 154.601236
0.994113 0.054322 0.093749 71.329190 -0.052677 0.998413 -0.019941 -7.857487 -0.094683 0.014885 0.995396 155.784318
0.995170 0.029042 0.093774 71.334618 -0.026006 0.999103 -0.033443 -7.999241 -0.094661 0.030842 0.995031 156.707568
0.996909 0.045341 0.064154 71.263812 -0.043077 0.998414 -0.036238 -8.054708 -0.065696 0.033362 0.997282 157.654734
0.997590 0.049809 0.048290 71.845164 -0.048472 0.998419 -0.028455 -8.087873 -0.049631 0.026046 0.998427 158.389094
0.996421 0.056950 0.062459 71.726455 -0.055966 0.998281 -0.017404 -8.066956 -0.063343 0.013847 0.997896 159.707110
0.995144 0.045799 0.087122 71.641583 -0.045322 0.998945 -0.007459 -8.044763 -0.087371 0.003475 0.996170 160.218726
0.994851 0.050773 0.087722 71.712385 -0.050687 0.998710 -0.003204 -8.061268 -0.087772 -0.001258 0.996140 161.124512
0.995727 0.042058 0.082214 71.777076 -0.042557 0.999085 0.004322 -8.073539 -0.081957 -0.007802 0.996605 162.222216
0.995885 0.041509 0.080554 71.813243 -0.041124 0.999133 -0.006449 -8.129787 -0.080752 0.003110 0.996729 163.517130
0.998143 0.035176 0.049725 71.747839 -0.034710 0.999346 -0.010213 -8.155002 -0.050051 0.008468 0.998711 163.742825
0.997203 0.060035 0.044498 71.922451 -0.059340 0.998096 -0.016788 -8.190720 -0.045421 0.014100 0.998868 164.706300
0.997794 0.064435 0.016018 71.627459 -0.064078 0.997705 -0.021880 -8.189009 -0.017391 0.020806 0.999632 165.027412
0.997341 0.058468 0.043503 71.457310 -0.058204 0.998278 -0.007316 -8.120088 -0.043857 0.004764 0.999026 165.421744
0.996520 0.073105 0.040036 71.874527 -0.073149 0.997321 -0.000379 -8.155528 -0.039956 -0.002551 0.999198 166.343659
0.996362 0.083501 0.017042 71.923510 -0.083729 0.996401 0.013215 -8.135997 -0.015878 -0.014593 0.999767 166.643296
0.996651 0.080098 0.016423 71.900124 -0.080345 0.996656 0.014907 -8.109664 -0.015174 -0.016176 0.999754 167.660995
0.996989 0.069395 0.034604 72.003165 -0.069219 0.997582 -0.006259 -8.213316 -0.034954 0.003845 0.999382 168.651009
0.996570 0.077215 0.029793 71.864975 -0.076557 0.996809 -0.022634 -8.252983 -0.031446 0.020275 0.999300 169.347612
0.997124 0.075374 -0.007807 71.847444 -0.075408 0.997144 -0.004255 -8.249547 0.007464 0.004831 0.999961 170.391317
0.996268 0.069225 0.051546 71.835914 -0.069041 0.997599 -0.005325 -8.265967 -0.051791 0.001747 0.998656 171.607841
0.997370 0.055749 0.046303 71.676816 -0.055440 0.998430 -0.007927 -8.191778 -0.046672 0.005339 0.998896 172.603801
0.997817 0.064650 0.013478 71.290950 -0.064767 0.997866 0.008402 -8.239876 -0.012907 -0.009257 0.999874 174.028470
0.997671 0.036881 0.057384 71.929398 -0.036897 0.999319 -0.000778 -8.259540 -0.057373 -0.001341 0.998352 174.772766
0.996600 0.047876 -0.067064 71.586725 -0.048739 0.998748 -0.011285 -8.353320 0.066440 0.014515 0.997684 175.192309
0.996591 0.025340 -0.078519 71.510843 -0.027611 0.999227 -0.027979 -8.352113 0.077748 0.030051 0.996520 175.869349
0.996082 0.006386 -0.088200 71.789104 -0.009099 0.999497 -0.030386 -8.470200 0.087961 0.031070 0.995640 176.941582
0.995198 0.007085 -0.097627 71.935475 -0.008461 0.999871 -0.013678 -8.451830 0.097518 0.014439 0.995129 177.396561
0.995381 0.023072 -0.093188 71.906121 -0.023056 0.999734 0.001242 -8.430166 0.093192 0.000912 0.995648 178.424693
0.996906 0.027369 -0.073683 71.836111 -0.026576 0.999578 0.011734 -8.435749 0.073973 -0.009740 0.997213 179.358800
0.996946 0.022886 -0.074659 71.801403 -0.022415 0.999723 0.007134 -8.487114 0.074802 -0.005439 0.997184 179.988999
0.995150 0.031391 -0.093232 71.580310 -0.032035 0.999472 -0.005424 -8.521551 0.093013 0.008384 0.995630 180.717026
0.997449 0.043497 -0.056611 71.664459 -0.044024 0.998998 -0.008097 -8.517173 0.056202 0.010568 0.998363 181.634842
0.998137 0.044727 -0.041478 71.620724 -0.045553 0.998778 -0.019170 -8.586814 0.040570 0.021024 0.998956 182.725880
0.998875 0.033200 -0.033881 71.513421 -0.033572 0.999382 -0.010477 -8.581307 0.033512 0.011603 0.999370 183.766426
0.998880 0.039544 -0.025990 71.566480 -0.039383 0.999202 0.006676 -8.503809 0.026232 -0.005645 0.999640 184.500650
0.998476 0.041722 -0.036111 71.435038 -0.041399 0.999096 0.009637 -8.497109 0.036480 -0.008127 0.999301 185.519204
0.996801 0.048279 -0.063699 71.297474 -0.047812 0.998817 0.008824 -8.516476 0.064050 -0.005750 0.997930 186.364474
0.995757 0.048718 -0.078061 71.298956 -0.048492 0.998812 0.004781 -8.539925 0.078200 -0.000976 0.996937 186.976895
0.996098 0.033944 -0.081459 71.276934 -0.035362 0.999246 -0.016019 -8.596977 0.080854 0.018838 0.996548 187.854413
0.994284 0.013409 -0.105915 71.148589 -0.015850 0.999627 -0.022237 -8.664978 0.105577 0.023789 0.994126 188.821077
0.995654 0.015296 -0.091869 71.302385 -0.017202 0.999652 -0.019984 -8.697240 0.091530 0.021477 0.995570 189.383953
0.995994 0.022242 -0.086606 71.363595 -0.022329 0.999751 -0.000039 -8.689176 0.086583 0.001973 0.996243 189.926403
0.995339 0.024628 -0.093239 71.327836 -0.024343 0.999694 0.004188 -8.661054 0.093314 -0.001898 0.995635 191.152553
0.997620 0.019756 -0.066071 71.343708 -0.020303 0.999765 -0.007612 -8.739947 0.065905 0.008935 0.997786 191.673994
0.997196 0.016988 -0.072878 71.359707 -0.017430 0.999833 -0.005430 -8.758402 0.072773 0.006685 0.997326 193.177924
0.998250 0.028729 -0.051690 71.180146 -0.029120 0.999553 -0.006817 -8.759042 0.051471 0.008310 0.998640 193.931532
0.999197 0.028553 -0.028091 70.895361 -0.029050 0.999426 -0.017421 -8.846929 0.027577 0.018223 0.999454 195.422735
0.997506 0.040048 -0.058123 70.815071 -0.040733 0.999113 -0.010653 -8.883486 0.057645 0.012994 0.998253 195.802766
0.999069 0.038160 -0.020132 70.719638 -0.038308 0.999242 -0.006984 -8.883095 0.019850 0.007749 0.999773 196.884325
0.998119 0.037919 -0.048187 70.548771 -0.038470 0.999203 -0.010579 -8.950910 0.047748 0.012412 0.998782 197.532915
0.995030 0.046735 -0.087918 70.261404 -0.047922 0.998785 -0.011450 -8.972902 0.087276 0.015607 0.996061 198.347952
