9.993252158164978027e-01 -3.667039051651954651e-02 -2.139257499948143959e-03 -3.289604187011718750e+00 3.669874370098114014e-02 9.992109537124633789e-01 1.520079933106899261e-02 -8.342480659484863281e-02 1.580147771164774895e-03 -1.526910159736871719e-02 9.998821020126342773e-01 2.824798226356506348e-02
9.993565678596496582e-01 -3.536059707403182983e-02 -6.020158529281616211e-03 -2.897933721542358398e+00 3.545494377613067627e-02 9.992375373840332031e-01 1.635950244963169098e-02 2.092123031616210938e-03 5.437084008008241653e-03 -1.656248047947883606e-02 9.998480677604675293e-01 3.494650125503540039e-02
9.996031522750854492e-01 -2.817457541823387146e-02 -1.297757262364029884e-05 -3.106740951538085938e+00 2.816912904381752014e-02 9.993998408317565918e-01 2.016553841531276703e-02 3.909742832183837891e-02 -5.551864742301404476e-04 -2.015790343284606934e-02 9.997966289520263672e-01 -1.929998397827148438e-03
9.998399019241333008e-01 -1.783650927245616913e-02 -1.307553611695766449e-03 -2.827749490737915039e+00 1.784323342144489288e-02 9.998266100883483887e-01 5.321239121258258820e-03 9.882092475891113281e-02 1.212412491440773010e-03 -5.343738012015819550e-03 9.999849796295166016e-01 7.346102595329284668e-02
9.998141527175903320e-01 -1.909413561224937439e-02 2.641433384269475937e-03 -3.530137062072753906e+00 1.904143020510673523e-02 9.996436834335327148e-01 1.871685311198234558e-02 1.299860477447509766e-01 -2.997873583808541298e-03 -1.866306737065315247e-02 9.998214244842529297e-01 -4.547834396362304688e-03
9.997783303260803223e-01 -1.771180517971515656e-02 -1.138742081820964813e-02 -2.626936435699462891e+00 1.775530166923999786e-02 9.998351931571960449e-01 3.730064257979393005e-03 3.093229532241821289e-01 1.131947897374629974e-02 -3.931440412998199463e-03 9.999282360076904297e-01 7.137149572372436523e-03
9.998821020126342773e-01 -1.173114869743585587e-02 -9.910451248288154602e-03 -3.597638607025146484e+00 1.188981719315052032e-02 9.997996091842651367e-01 1.610604114830493927e-02 2.200062274932861328e-01 9.719523601233959198e-03 -1.622201502323150635e-02 9.998210072517395020e-01 -1.200291514396667480e-02
9.997198581695556641e-01 -2.366349846124649048e-02 7.848683744668960571e-04 -3.775096416473388672e+00 2.366175316274166107e-02 9.997178912162780762e-01 2.160232514142990112e-03 1.307544708251953125e-01 -8.357658516615629196e-04 -2.141069620847702026e-03 9.999973177909851074e-01 1.551979780197143555e-02
9.999299645423889160e-01 -1.037900708615779877e-02 -5.726925563067197800e-03 -2.940217018127441406e+00 1.042833738029003143e-02 9.999081492424011230e-01 8.652462624013423920e-03 7.983446121215820312e-02 5.636597052216529846e-03 -8.711612783372402191e-03 9.999460577964782715e-01 2.124333381652832031e-02
9.998903870582580566e-01 -1.295514684170484543e-02 -7.183826528489589691e-03 -2.640925884246826172e+00 1.305191311985254288e-02 9.998223185539245605e-01 1.359099335968494415e-02 2.934568524360656738e-01 7.006479427218437195e-03 -1.368315983563661575e-02 9.998818039894104004e-01 6.321203708648681641e-02
9.992416501045227051e-01 -3.854556381702423096e-02 -5.500694271177053452e-03 -3.248244285583496094e+00 3.865328803658485413e-02 9.990311264991760254e-01 2.104525640606880188e-02 -5.484223365783691406e-02 4.684163257479667664e-03 -2.124189957976341248e-02 9.997633099555969238e-01 3.287613391876220703e-02
9.999663233757019043e-01 -7.905162870883941650e-03 -2.138376468792557716e-03 -2.771510601043701172e+00 7.926966995000839233e-03 9.999146461486816406e-01 1.038442365825176239e-02 2.460716962814331055e-01 2.056102734059095383e-03 -1.040102168917655945e-02 9.999437928199768066e-01 -2.738052606582641602e-02
9.998115301132202148e-01 -1.936927810311317444e-02 1.453640405088663101e-03 -3.310328483581542969e+00 1.934809237718582153e-02 9.997233152389526367e-01 1.339074224233627319e-02 3.464603424072265625e-02 -1.712605822831392288e-03 -1.336010359227657318e-02 9.999092221260070801e-01 -5.608236789703369141e-02
9.999976754188537598e-01 -1.931403181515634060e-03 -9.609875269234180450e-04 -2.738744258880615234e+00 1.934005529619753361e-03 9.999942779541015625e-01 2.733675297349691391e-03 1.063911914825439453e-01 9.557013399899005890e-04 -2.735528163611888885e-03 9.999957680702209473e-01 -1.564309000968933105e-02
9.991341829299926758e-01 -4.153218120336532593e-02 -2.559391548857092857e-03 -3.155397415161132812e+00 4.156761988997459412e-02 9.990105032920837402e-01 1.583998650312423706e-02 1.089000701904296875e-01 1.898990711197257042e-03 -1.593261957168579102e-02 9.998714327812194824e-01 8.483180403709411621e-02
9.999613761901855469e-01 -8.810076862573623657e-03 -4.574684426188468933e-04 -2.510081052780151367e+00 8.814092725515365601e-03 9.999144673347473145e-01 9.667691774666309357e-03 1.690143942832946777e-01 3.722556866705417633e-04 -9.671350941061973572e-03 9.999532103538513184e-01 4.419130086898803711e-02
9.999274611473083496e-01 -1.124528888612985611e-02 -4.303548019379377365e-03 -3.660039901733398438e+00 1.128124911338090897e-02 9.999007582664489746e-01 8.429720997810363770e-03 2.061865329742431641e-01 4.208330530673265457e-03 -8.477617055177688599e-03 9.999551773071289062e-01 1.169037818908691406e-02
9.998770356178283691e-01 -1.310537103563547134e-02 -8.609810844063758850e-03 -2.366361856460571289e+00 1.312749739736318588e-02 9.999106526374816895e-01 2.517246641218662262e-03 6.024098396301269531e-02 8.576052263379096985e-03 -2.629955299198627472e-03 9.999597668647766113e-01 -1.048678159713745117e-01
9.998903870582580566e-01 -1.291503943502902985e-02 -7.279097568243741989e-03 -3.403160095214843750e+00 1.305045094341039658e-02 9.997368454933166504e-01 1.887263916432857513e-02 1.254807710647583008e-01 7.033443544059991837e-03 -1.896550320088863373e-02 9.997954964637756348e-01 8.660107851028442383e-03
9.999214410781860352e-01 -1.190419401973485947e-02 -3.935468383133411407e-03 -2.961082696914672852e+00 1.194949727505445480e-02 9.998604059219360352e-01 1.169549208134412766e-02 1.109965443611145020e-01 3.795694094151258469e-03 -1.174163073301315308e-02 9.999239444732666016e-01 6.923556327819824219e-03
9.999883174896240234e-01 -4.248033743351697922e-03 -2.473650034517049789e-03 -2.779778003692626953e+00 4.249466583132743835e-03 9.999912977218627930e-01 5.705626681447029114e-04 1.576298475265502930e-01 2.471201587468385696e-03 -5.810679867863655090e-04 9.999967217445373535e-01 -2.090698480606079102e-02
9.999001026153564453e-01 -1.363852061331272125e-02 3.781104926019906998e-03 -2.980049610137939453e+00 1.362587604671716690e-02 9.999015331268310547e-01 3.350029699504375458e-03 2.092515230178833008e-01 -3.826419590041041374e-03 -3.298155730590224266e-03 9.999871850013732910e-01 4.691332578659057617e-02
9.998758435249328613e-01 -1.570803858339786530e-02 1.449424074962735176e-03 -3.501435279846191406e+00 1.567910611629486084e-02 9.997115731239318848e-01 1.818367466330528259e-02 9.193229675292968750e-02 -1.734638120979070663e-03 -1.815872080624103546e-02 9.998335838317871094e-01 -3.612309694290161133e-03
9.982033371925354004e-01 -5.986515432596206665e-02 2.499525435268878937e-03 -2.863560199737548828e+00 5.982651561498641968e-02 9.981191158294677734e-01 1.340744644403457642e-02 -5.425834655761718750e-02 -3.297460265457630157e-03 -1.323381066322326660e-02 9.999069571495056152e-01 -1.439240574836730957e-02
9.998529553413391113e-01 -1.589928753674030304e-02 -6.463369354605674744e-03 -2.886015176773071289e+00 1.604055613279342651e-02 9.996200203895568848e-01 2.242559380829334259e-02 1.290111541748046875e-01 6.104366388171911240e-03 -2.252589911222457886e-02 9.997276067733764648e-01 -7.280230522155761719e-03
9.999482035636901855e-01 -1.005859859287738800e-02 -1.766838598996400833e-03 -2.940714597702026367e+00 1.007769443094730377e-02 9.998871088027954102e-01 1.115361042320728302e-02 2.149068117141723633e-01 1.654449035413563251e-03 -1.117083430290222168e-02 9.999362826347351074e-01 4.870954155921936035e-02
9.997988343238830566e-01 -2.004807256162166595e-02 3.605289384722709656e-04 -3.280512094497680664e+00 2.003892697393894196e-02 9.996520280838012695e-01 1.713592931628227234e-02 1.395230293273925781e-01 -7.039429619908332825e-04 -1.712524890899658203e-02 9.998529553413391113e-01 -3.595787286758422852e-02
9.999172091484069824e-01 -1.035200897604227066e-02 -7.655963767319917679e-03 -3.514953136444091797e+00 1.049947831779718399e-02 9.997553825378417969e-01 1.947928592562675476e-02 2.087652683258056641e-01 7.452442776411771774e-03 -1.955777779221534729e-02 9.997811913490295410e-01 7.161214947700500488e-02
9.998281598091125488e-01 -9.677674621343612671e-03 -1.582164503633975983e-02 -3.186248540878295898e+00 1.005774270743131638e-02 9.996589422225952148e-01 2.411983720958232880e-02 -1.424908638000488281e-02 1.558281667530536652e-02 -2.427486702799797058e-02 9.995838999748229980e-01 1.791441440582275391e-02
9.985311031341552734e-01 -5.382737889885902405e-02 -6.158109754323959351e-03 -3.397318840026855469e+00 5.387578904628753662e-02 9.985156059265136719e-01 7.986018434166908264e-03 -6.713557243347167969e-02 5.719101056456565857e-03 -8.306065574288368225e-03 9.999492168426513672e-01 4.030510783195495605e-02
9.998450875282287598e-01 -1.743006333708763123e-02 2.510945312678813934e-03 -2.642814874649047852e+00 1.741087622940540314e-02 9.998207092285156250e-01 7.471511140465736389e-03 -8.077621459960937500e-03 -2.640723949298262596e-03 -7.426623255014419556e-03 9.999687671661376953e-01 -5.931016802787780762e-02
9.995402097702026367e-01 -2.963510155677795410e-02 6.395763717591762543e-03 -3.299783706665039062e+00 2.958774194121360779e-02 9.995347857475280762e-01 7.378758862614631653e-03 2.588205337524414062e-01 -6.611459422856569290e-03 -7.186124101281166077e-03 9.999522566795349121e-01 -2.706527709960937500e-03
9.999562501907348633e-01 -7.582702673971652985e-03 -5.496039986610412598e-03 -2.605329990386962891e+00 7.614827249199151993e-03 9.999538064002990723e-01 5.848847795277833939e-03 1.778572797775268555e-01 5.451436620205640793e-03 -5.890442524105310440e-03 9.999677538871765137e-01 -1.088266670703887939e-01
9.999533295631408691e-01 -9.356192313134670258e-03 -2.405585721135139465e-03 -2.677529335021972656e+00 9.368802420794963837e-03 9.999420046806335449e-01 5.266541615128517151e-03 1.523795127868652344e-01 2.356172073632478714e-03 -5.288833286613225937e-03 9.999831914901733398e-01 -1.301392912864685059e-02
9.998916983604431152e-01 -1.287030708044767380e-02 7.180963642895221710e-03 -3.690886974334716797e+00 1.282378472387790680e-02 9.998969435691833496e-01 6.487851031124591827e-03 1.394343376159667969e-01 -7.263722829520702362e-03 -6.395059637725353241e-03 9.999530911445617676e-01 1.558282971382141113e-02
9.999752044677734375e-01 -5.511105060577392578e-03 -4.364439286291599274e-03 -3.034524440765380859e+00 5.543707404285669327e-03 9.999566078186035156e-01 7.492812816053628922e-03 1.228214502334594727e-01 4.322955850511789322e-03 -7.516816258430480957e-03 9.999623894691467285e-01 4.119923710823059082e-02
9.998582005500793457e-01 -1.496039610356092453e-02 -7.727298885583877563e-03 -2.845816373825073242e+00 1.501586660742759705e-02 9.998615980148315430e-01 7.172616198658943176e-03 5.697685480117797852e-02 7.618923671543598175e-03 -7.287642452865839005e-03 9.999443888664245605e-01 -7.124421000480651855e-02
9.998986124992370605e-01 -1.420244108885526657e-02 -8.004799019545316696e-04 -2.679326772689819336e+00 1.420846860855817795e-02 9.998661279678344727e-01 8.097729645669460297e-03 2.632761001586914062e-02 6.853630766272544861e-04 -8.108285255730152130e-03 9.999669790267944336e-01 -4.685088992118835449e-02
9.997841715812683105e-01 -2.066736854612827301e-02 2.201710361987352371e-03 -3.043613910675048828e+00 2.063005603849887848e-02 9.996625781059265137e-01 1.580041460692882538e-02 1.320048272609710693e-01 -2.527514938265085220e-03 -1.575160026550292969e-02 9.998726844787597656e-01 1.284173130989074707e-02
9.997694492340087891e-01 -2.118576876819133759e-02 -3.499529557302594185e-03 -3.695407390594482422e+00 2.118468284606933594e-02 9.997753500938415527e-01 -3.426857292652130127e-04 2.360565662384033203e-01 3.506003646180033684e-03 2.684704959392547607e-04 9.999937415122985840e-01 1.596769690513610840e-02
9.999453425407409668e-01 -1.045729499310255051e-02 -2.842084504663944244e-04 -3.529772043228149414e+00 1.045926194638013840e-02 9.999124407768249512e-01 8.125715889036655426e-03 1.586297750473022461e-01 1.992105972021818161e-04 -8.128225803375244141e-03 9.999669194221496582e-01 -7.875949144363403320e-03
9.993879199028015137e-01 -3.496018797159194946e-02 1.126946881413459778e-03 -2.618103504180908203e+00 3.494931012392044067e-02 9.993524551391601562e-01 8.540026843547821045e-03 -3.653174638748168945e-02 -1.424779649823904037e-03 -8.495416492223739624e-03 9.999629259109497070e-01 -6.454342603683471680e-02
9.999563694000244141e-01 -8.243958465754985809e-03 4.448832944035530090e-03 -2.605952262878417969e+00 8.223487064242362976e-03 9.999557137489318848e-01 4.600830376148223877e-03 3.249613046646118164e-01 -4.486564546823501587e-03 -4.564042668789625168e-03 9.999795556068420410e-01 5.870679020881652832e-02
9.997543096542358398e-01 -2.197999507188796997e-02 -2.872363897040486336e-03 -3.606511116027832031e+00 2.199924178421497345e-02 9.997346401214599609e-01 6.844341754913330078e-03 1.942987889051437378e-01 2.721162978559732437e-03 -6.905847694724798203e-03 9.999724030494689941e-01 1.233887672424316406e-02
9.999880194664001465e-01 -4.883220884948968887e-03 4.522397066466510296e-04 -2.638161659240722656e+00 4.880540538579225540e-03 9.999716877937316895e-01 5.747004412114620209e-03 5.362892150878906250e-02 -4.802906769327819347e-04 -5.744730122387409210e-03 9.999833106994628906e-01 -7.186442613601684570e-02
9.979168176651000977e-01 -6.425562500953674316e-02 -5.758453160524368286e-03 -3.091929435729980469e+00 6.428246945142745972e-02 9.979213476181030273e-01 4.607476294040679932e-03 1.981801986694335938e-01 5.450422875583171844e-03 -4.968067631125450134e-03 9.999729394912719727e-01 7.117113471031188965e-02
9.999935030937194824e-01 -2.966035390272736549e-04 3.616060595959424973e-03 -2.673950195312500000e+00 2.596664708107709885e-04 9.999477267265319824e-01 1.020019873976707458e-02 1.361675262451171875e-01 -3.618897870182991028e-03 -1.019918546080589294e-02 9.999413490295410156e-01 -7.564178109169006348e-02
9.987830519676208496e-01 -4.919661954045295715e-02 -3.530239453539252281e-03 -3.039983272552490234e+00 4.923208057880401611e-02 9.987291693687438965e-01 1.078185439109802246e-02 6.647109985351562500e-04 2.995320828631520271e-03 -1.094259321689605713e-02 9.999356269836425781e-01 3.156125545501708984e-02
9.996567368507385254e-01 -2.607933245599269867e-02 2.533634193241596222e-03 -3.294978141784667969e+00 2.605698257684707642e-02 9.996243715286254883e-01 8.488698862493038177e-03 4.277727007865905762e-01 -2.754065208137035370e-03 -8.419844321906566620e-03 9.999607801437377930e-01 -2.821940183639526367e-02
9.993530511856079102e-01 -3.590701892971992493e-02 -2.010090276598930359e-03 -2.830043792724609375e+00 3.593630343675613403e-02 9.992063641548156738e-01 1.718248054385185242e-02 1.849892139434814453e-01 1.391524448990821838e-03 -1.724364981055259705e-02 9.998502731323242188e-01 1.426452398300170898e-02
9.998134374618530273e-01 -1.891327090561389923e-02 3.940683789551258087e-03 -3.493771553039550781e+00 1.888945326209068298e-02 9.998036623001098633e-01 5.999143235385417938e-03 2.157113552093505859e-01 -4.053373355418443680e-03 -5.923586897552013397e-03 9.999742507934570312e-01 -3.620180487632751465e-02
9.996336102485656738e-01 -2.617911435663700104e-02 -6.893594749271869659e-03 -3.582675933837890625e+00 2.625282481312751770e-02 9.995969533920288086e-01 1.082759350538253784e-02 -5.441904067993164062e-05 6.607358343899250031e-03 -1.100458204746246338e-02 9.999176859855651855e-01 -3.518989682197570801e-02
9.998896121978759766e-01 -1.201384142041206360e-02 -8.725882507860660553e-03 -3.464258670806884766e+00 1.222380343824625015e-02 9.996268153190612793e-01 2.442038804292678833e-02 2.876714468002319336e-01 8.429246023297309875e-03 -2.452435158193111420e-02 9.996635913848876953e-01 1.280903816223144531e-02
9.998812675476074219e-01 -1.349535025656223297e-02 -7.449414581060409546e-03 -2.977720260620117188e+00 1.357001066207885742e-02 9.998574852943420410e-01 1.006450131535530090e-02 1.658750176429748535e-01 7.312530186027288437e-03 -1.016429439187049866e-02 9.999216198921203613e-01 2.126026153564453125e-02
9.992113113403320312e-01 -3.907343745231628418e-02 7.103041745722293854e-03 -3.638086080551147461e+00 3.887932375073432922e-02 9.989143610000610352e-01 2.567487023770809174e-02 -6.142473220825195312e-02 -8.098533377051353455e-03 -2.537845447659492493e-02 9.996451139450073242e-01 4.090312123298645020e-02
9.999872446060180664e-01 -5.065483506768941879e-03 -2.594159450381994247e-04 -2.937833070755004883e+00 5.065560340881347656e-03 9.999874234199523926e-01 3.060046583414077759e-04 2.492089271545410156e-01 2.578618004918098450e-04 -3.073038533329963684e-04 1.000000000000000000e+00 -2.404820919036865234e-02
9.996448159217834473e-01 -2.573090232908725739e-02 -6.962876766920089722e-03 -2.512043714523315430e+00 2.575085498392581940e-02 9.996646046638488770e-01 2.791783772408962250e-03 4.373478889465332031e-02 6.888705305755138397e-03 -2.970097586512565613e-03 9.999718666076660156e-01 -3.393149375915527344e-02
9.996512532234191895e-01 -2.609381452202796936e-02 -4.037074279040098190e-03 -3.263920545578002930e+00 2.614247798919677734e-02 9.995802640914916992e-01 1.250141486525535583e-02 4.439651966094970703e-02 3.709164913743734360e-03 -1.260262727737426758e-02 9.999138116836547852e-01 -1.457333564758300781e-04
9.999118447303771973e-01 -1.221861317753791809e-02 -5.218927748501300812e-03 -3.326588153839111328e+00 1.230116561055183411e-02 9.997949600219726562e-01 1.608980819582939148e-02 -9.162604808807373047e-02 5.021262913942337036e-03 -1.615258678793907166e-02 9.998568892478942871e-01 6.872156262397766113e-02
9.999659657478332520e-01 -8.189423009753227234e-03 -9.886906482279300690e-04 -3.254770040512084961e+00 8.205241523683071136e-03 9.998179078102111816e-01 1.722715422511100769e-02 3.705389499664306641e-01 8.474304340779781342e-04 -1.723467558622360229e-02 9.998510479927062988e-01 8.546060323715209961e-02
9.999976158142089844e-01 -2.110292669385671616e-03 -5.229649832472205162e-04 -3.186635255813598633e+00 2.111868234351277351e-03 9.999933838844299316e-01 3.018277697265148163e-03 2.449867725372314453e-01 5.165917682461440563e-04 -3.019377123564481735e-03 9.999952912330627441e-01 -5.614152550697326660e-02
9.998920559883117676e-01 -1.246141083538532257e-02 -7.802722975611686707e-03 -2.766408681869506836e+00 1.257268805056810379e-02 9.998176097869873047e-01 1.438068225979804993e-02 1.653064489364624023e-01 7.622095756232738495e-03 -1.447725668549537659e-02 9.998661875724792480e-01 -6.009995937347412109e-02
9.989984631538391113e-01 -4.458080604672431946e-02 -3.794340882450342178e-03 -3.380992889404296875e+00 4.456564784049987793e-02 9.989983439445495605e-01 -3.989472053945064545e-03 1.658347845077514648e-01 3.968394361436367035e-03 3.816377371549606323e-03 9.999848008155822754e-01 -5.329772830009460449e-02
9.996408224105834961e-01 -2.594041638076305389e-02 -6.719122640788555145e-03 -3.687785863876342773e+00 2.604985423386096954e-02 9.995202422142028809e-01 1.674787513911724091e-02 -4.239606857299804688e-02 6.281454116106033325e-03 -1.691689342260360718e-02 9.998371601104736328e-01 3.318914771080017090e-02
9.989865422248840332e-01 -4.495323821902275085e-02 2.255400642752647400e-03 -3.089908838272094727e+00 4.492241516709327698e-02 9.989154934883117676e-01 1.223800610750913620e-02 2.138814926147460938e-01 -2.803096547722816467e-03 -1.212434377521276474e-02 9.999226331710815430e-01 3.214466571807861328e-02
9.996107816696166992e-01 -1.974025554955005646e-02 -1.972556486725807190e-02 -3.478835344314575195e+00 2.000433392822742462e-02 9.997118115425109863e-01 1.328099612146615982e-02 2.028422355651855469e-01 1.945771090686321259e-02 -1.367040723562240601e-02 9.997171163558959961e-01 -8.532652258872985840e-02
9.996450543403625488e-01 -2.598410472273826599e-02 -5.902124568819999695e-03 -3.021136522293090820e+00 2.599652111530303955e-02 9.996599555015563965e-01 2.037783153355121613e-03 3.520551919937133789e-01 5.847165826708078384e-03 -2.190581522881984711e-03 9.999803900718688965e-01 -6.262221932411193848e-02
9.996417760848999023e-01 -2.676502801477909088e-02 6.293575279414653778e-04 -3.186842918395996094e+00 2.676357887685298920e-02 9.996395707130432129e-01 2.196212299168109894e-03 8.681559562683105469e-02 -6.879130378365516663e-04 -2.178600057959556580e-03 9.999974370002746582e-01 1.696348190307617188e-02
9.999337196350097656e-01 -1.128167100250720978e-02 -2.213867846876382828e-03 -2.937881946563720703e+00 1.128179952502250671e-02 9.999363422393798828e-01 3.946060314774513245e-05 1.114481091499328613e-01 2.213282277807593346e-03 -6.443448364734649658e-05 9.999974966049194336e-01 -4.539391398429870605e-02
9.997987747192382812e-01 -1.924072578549385071e-02 -5.679273046553134918e-03 -3.426967144012451172e+00 1.928568258881568909e-02 9.997826218605041504e-01 7.966473698616027832e-03 2.267336845397949219e-01 5.524756386876106262e-03 -8.074399083852767944e-03 9.999521970748901367e-01 -7.067802548408508301e-02
9.999959468841552734e-01 1.943823765031993389e-03 -2.087546512484550476e-03 -2.575724363327026367e+00 -1.921671093441545963e-03 9.999424219131469727e-01 1.056215912103652954e-02 5.609261989593505859e-02 2.107956446707248688e-03 -1.055826246738433838e-02 9.999420642852783203e-01 -1.379678249359130859e-01
9.999724626541137695e-01 3.613446606323122978e-03 -6.485633552074432373e-03 -2.853321552276611328e+00 -3.587101120501756668e-03 9.999848008155822754e-01 4.075535573065280914e-03 8.765828609466552734e-02 6.500265095382928848e-03 -4.052154719829559326e-03 9.999706149101257324e-01 -1.051972508430480957e-01
9.997200965881347656e-01 -2.328267693519592285e-02 -4.197804257273674011e-03 -2.631594657897949219e+00 2.331222034990787506e-02 9.997027516365051270e-01 7.131494581699371338e-03 3.106024265289306641e-01 4.030520096421241760e-03 -7.227190770208835602e-03 9.999657869338989258e-01 -1.235267221927642822e-01
9.999675154685974121e-01 -6.734757684171199799e-03 -4.441728349775075912e-03 -2.648156642913818359e+00 6.742149591445922852e-03 9.999759793281555176e-01 1.650581136345863342e-03 1.972768306732177734e-01 4.430503584444522858e-03 -1.680474728345870972e-03 9.999886751174926758e-01 -6.104648113250732422e-02
9.996727108955383301e-01 -2.172346785664558411e-02 -1.351101417094469070e-02 -2.900730371475219727e+00 2.189634554088115692e-02 9.996787309646606445e-01 1.278043538331985474e-02 1.294088363647460938e-02 1.322903484106063843e-02 -1.307209208607673645e-02 9.998269677162170410e-01 -2.669411897659301758e-02
9.998596310615539551e-01 -1.542149484157562256e-02 -6.546854041516780853e-03 -2.484314441680908203e+00 1.545597799122333527e-02 9.998666644096374512e-01 5.238190293312072754e-03 3.802442550659179688e-02 6.465204060077667236e-03 -5.338653456419706345e-03 9.999647736549377441e-01 -7.084792852401733398e-02
9.996449947357177734e-01 -2.593408711254596710e-02 -6.123498082160949707e-03 -3.209166049957275391e+00 2.603543177247047424e-02 9.995151162147521973e-01 1.709331385791301727e-02 -1.256906986236572266e-01 5.677225068211555481e-03 -1.724676042795181274e-02 9.998352527618408203e-01 1.868569850921630859e-02
9.999287724494934082e-01 -1.167045533657073975e-02 2.532757818698883057e-03 -3.208976507186889648e+00 1.162379328161478043e-02 9.997757673263549805e-01 1.772426813840866089e-02 2.718687057495117188e-03 -2.739039249718189240e-03 -1.769358664751052856e-02 9.998397231101989746e-01 4.005306959152221680e-02
9.997375011444091797e-01 -2.284630388021469116e-02 -1.681413501501083374e-03 -3.157330751419067383e+00 2.285772934556007385e-02 9.997132420539855957e-01 7.148466072976589203e-03 -2.945363521575927734e-02 1.517613884061574936e-03 -7.185026071965694427e-03 9.999729990959167480e-01 -5.520403385162353516e-02
9.992321729660034180e-01 -3.912647441029548645e-02 -2.206267789006233215e-03 -3.284249305725097656e+00 3.916945308446884155e-02 9.989209175109863281e-01 2.497080527245998383e-02 1.287932395935058594e-01 1.226866152137517929e-03 -2.503805607557296753e-02 9.996857047080993652e-01 6.080746650695800781e-02
9.997606873512268066e-01 -2.185425721108913422e-02 1.118362415581941605e-03 -2.469661235809326172e+00 2.184903807938098907e-02 9.997515678405761719e-01 4.443996120244264603e-03 1.035586595535278320e-01 -1.215203665196895599e-03 -4.418509081006050110e-03 9.999895095825195312e-01 -7.890349626541137695e-02
9.999815225601196289e-01 -1.326463534496724606e-03 -5.950412247329950333e-03 -3.103399991989135742e+00 1.444361638277769089e-03 9.998021125793457031e-01 1.985399983823299408e-02 8.542656898498535156e-02 5.922899115830659866e-03 -1.986233890056610107e-02 9.997853040695190430e-01 -5.875378847122192383e-03
9.997303485870361328e-01 -2.318721450865268707e-02 1.311766565777361393e-03 -2.786502838134765625e+00 2.316686511039733887e-02 9.996358752250671387e-01 1.383557636290788651e-02 2.038782238960266113e-01 -1.632097293622791767e-03 -1.380145642906427383e-02 9.999033808708190918e-01 9.797766804695129395e-02
9.999120235443115234e-01 -1.326343975961208344e-02 3.334041684865951538e-05 -2.929247140884399414e+00 1.326287258416414261e-02 9.998870491981506348e-01 7.041216827929019928e-03 9.592926502227783203e-02 -1.267250627279281616e-04 -7.040000520646572113e-03 9.999751448631286621e-01 4.652634263038635254e-02
9.999456405639648438e-01 -7.589582353830337524e-03 7.153364829719066620e-03 -3.549807310104370117e+00 7.526533212512731552e-03 9.999330043792724609e-01 8.800920099020004272e-03 1.064338684082031250e-01 -7.219681050628423691e-03 -8.746601641178131104e-03 9.999356865882873535e-01 -7.663160562515258789e-03
9.999878406524658203e-01 -4.673459101468324661e-03 -1.562808058224618435e-03 -2.535382032394409180e+00 4.688674584031105042e-03 9.999401569366455078e-01 9.872861206531524658e-03 1.901732683181762695e-01 1.516574178822338581e-03 -9.880067780613899231e-03 9.999500513076782227e-01 3.488332033157348633e-03
9.999812245368957520e-01 6.096597760915756226e-03 -8.848255965858697891e-04 -2.591882467269897461e+00 -6.088970694690942764e-03 9.999465346336364746e-01 8.375840261578559875e-03 2.390911579132080078e-01 9.358418174088001251e-04 -8.370290510356426239e-03 9.999645948410034180e-01 2.018526196479797363e-02
9.981313943862915039e-01 -6.109878793358802795e-02 -8.607279742136597633e-04 -2.831349849700927734e+00 6.110455095767974854e-02 9.979838132858276367e-01 1.717429794371128082e-02 -4.631805419921875000e-02 -1.903350930660963058e-04 -1.719480380415916443e-02 9.998522400856018066e-01 9.489655494689941406e-03
9.995437264442443848e-01 -2.966401726007461548e-02 -5.704009439796209335e-03 -3.475958585739135742e+00 2.970885485410690308e-02 9.995274543762207031e-01 7.937360554933547974e-03 6.663882732391357422e-02 5.465856753289699554e-03 -8.103210479021072388e-03 9.999522566795349121e-01 7.664811611175537109e-02
9.998266696929931641e-01 -1.732987910509109497e-02 -6.841618102043867111e-03 -3.956477165222167969e+00 1.744482852518558502e-02 9.997013211250305176e-01 1.711713708937168121e-02 -2.054381370544433594e-02 6.542937364429235458e-03 -1.723353564739227295e-02 9.998300671577453613e-01 -1.338303089141845703e-03
9.996720552444458008e-01 -2.560307830572128296e-02 -5.698698223568499088e-04 -3.664789199829101562e+00 2.560711279511451721e-02 9.996330738067626953e-01 8.818514645099639893e-03 2.470067143440246582e-02 3.438796557020395994e-04 -8.830212056636810303e-03 9.999610185623168945e-01 -2.117276191711425781e-03
9.987354278564453125e-01 -4.928943887352943420e-02 -9.924402460455894470e-03 -3.295009613037109375e+00 4.940197244286537170e-02 9.987135529518127441e-01 1.143196970224380493e-02 5.342888832092285156e-02 9.348165243864059448e-03 -1.190772838890552521e-02 9.998853802680969238e-01 7.225584983825683594e-02
9.999141693115234375e-01 -1.297278422862291336e-02 -1.729749492369592190e-03 -3.482918500900268555e+00 1.296660862863063812e-02 9.999094605445861816e-01 -3.535937517881393433e-03 4.637321233749389648e-01 1.775463810190558434e-03 3.513213247060775757e-03 9.999923110008239746e-01 -5.785474181175231934e-02
9.993538856506347656e-01 -3.594894707202911377e-02 2.351941075176000595e-04 -3.569361686706542969e+00 3.594269976019859314e-02 9.992666244506835938e-01 1.321721170097589493e-02 1.082017421722412109e-01 -7.101672235876321793e-04 -1.320020668208599091e-02 9.999126791954040527e-01 4.572242498397827148e-03
9.996923208236694336e-01 -2.480093948543071747e-02 -5.573062226176261902e-04 -3.051847934722900391e+00 2.480626665055751801e-02 9.995976686477661133e-01 1.375904493033885956e-02 5.348867177963256836e-02 2.158470451831817627e-04 -1.376859471201896667e-02 9.999052286148071289e-01 3.850963711738586426e-02
9.998710155487060547e-01 -1.583766192197799683e-02 2.631445415318012238e-03 -3.521324157714843750e+00 1.580747216939926147e-02 9.998130202293395996e-01 1.112307049334049225e-02 3.733141422271728516e-01 -2.807115903124213219e-03 -1.107997819781303406e-02 9.999346137046813965e-01 1.145260035991668701e-01
9.993953108787536621e-01 -3.474447503685951233e-02 -1.409481745213270187e-03 -3.149690389633178711e+00 3.476301953196525574e-02 9.992594718933105469e-01 1.649692282080650330e-02 -4.736042022705078125e-02 8.352610748261213303e-04 -1.653594151139259338e-02 9.998628497123718262e-01 7.297581434249877930e-02
9.998618364334106445e-01 -1.648302190005779266e-02 -2.118225675076246262e-03 -2.832206964492797852e+00 1.650560833513736725e-02 9.998015761375427246e-01 1.111955568194389343e-02 3.034577369689941406e-01 1.934523694217205048e-03 -1.115304045379161835e-02 9.999358654022216797e-01 8.387714624404907227e-03
9.996231198310852051e-01 -2.385780028998851776e-02 -1.359536126255989075e-02 -3.009398221969604492e+00 2.419967763125896454e-02 9.993805885314941406e-01 2.556269243359565735e-02 1.175949573516845703e-01 1.297707017511129379e-02 -2.588206157088279724e-02 9.995807409286499023e-01 3.272092342376708984e-02
