1.0 0.0 0.0 0.0 0.0 1.0 0.0 0.0 0.0 0.0 1.0 0.0 
0.9999991349722888 0.0005778460598233011 -0.001187603698898164 -0.05121384473685643 -0.000575430216030835 0.999997838397046 0.0020352607243925088 0.04975159364222067 0.0011887776042371298 -0.0020345754899222645 0.9999972266303849 0.8573585872249753 
0.9999965404505538 0.0011548588784687226 -0.002373440897904457 -0.1023600563263766 -0.0011451986187857018 0.9999911534603328 0.004068165152290617 0.09943666896499023 0.002378118370418171 -0.0040654326209088 0.9999889060879921 1.7136055813225215 
0.9999921162896135 0.0017325231189937278 -0.0035605879780871816 -0.15357118670110143 -0.0017107694025412612 0.9999799455065783 0.006103963973468429 0.14918396224686556 0.0035710890041799506 -0.0060978245780017055 0.9999750382012854 2.570958826242705 
0.9999860635782993 0.0023094209319959465 -0.004746113792199211 -0.2047210849436202 -0.0022707482866238006 0.9999643141087741 0.008137628233710795 0.19887097865846115 0.004764735998409726 -0.008126736260182175 0.9999556223084427 3.427308514142821 
0.9999781816809694 0.002886892464073363 -0.005932798812111973 -0.25592970819350136 -0.0028264353952856605 0.999944259907053 0.010173896059281784 0.24861402342905425 0.005961834342621076 -0.01015690569150266 0.9999306584049715 4.284659517510615 
0.9999686721690795 0.003463573737657422 -0.007117818029151947 -0.3070752007461649 -0.0033765074547320193 0.9999197821804447 0.012207934543742428 0.2982949430410534 0.007159528817846208 -0.012183517627454512 0.9999001456403871 5.1409770163939985 
0.9999573338332419 0.0040409144647673475 -0.008304182984098255 -0.3582874871139995 -0.003922349405566254 0.9998908819812263 0.014244857340170074 0.3480398364415869 0.008360833210369645 -0.014211674861871948 0.9998640841718 5.998430622383515 
0.9999442689948103 0.004617421009935017 -0.009488804030586582 -0.4094333737349878 -0.0044625419492668695 0.9998575580490665 0.016279384812941246 0.3977193218211139 0.009562614880983917 -0.016236130407086016 0.9998224729381879 6.854795812401885 
0.999929475971376 0.0051943954099849445 -0.010674376130251679 -0.46062934415722806 -0.0049983016527632524 0.9998198117470086 0.018316107374539547 0.4474463552812612 0.010767584084081124 -0.01826145223771274 0.9997753122589162 7.712018549115633 
0.9999129553201033 0.005771456251750518 -0.011860110814857527 -0.5118413091508967 -0.005529261350841836 0.999777642735588 0.020353665251894776 0.4971881564563226 0.01197494203818202 -0.020286311943283158 0.9997225019162758 8.56953172056018 
0.999894710661522 0.006347426893336553 -0.0130435944969576 -0.5629649170479899 -0.0060543413847311545 0.9997310495255025 0.022387881725264406 0.5468430169369255 0.013182183393954104 -0.02230654419440852 0.9996643397790678 9.425586056607905 
0.9998747375083235 0.006924152653637589 -0.014228622122072208 -0.6141646213796915 -0.0065752241461892414 0.9996800345919692 0.024425287968557835 0.5965708719564637 0.01439319272354867 -0.024328667937868476 0.9996004278593444 10.282934260717997 
0.9998530389661816 0.007500710548567523 -0.015413318547187338 -0.6653586947448795 -0.00709106260225213 0.9996246967814375 0.026462603242251647 0.6462921791014807 0.015606010015711153 -0.026349413931340857 0.9995310642050125 11.140207471401748 
0.9998271808424235 0.008205947516584456 -0.016681718754546156 -0.7166189007261141 -0.007728178355169857 0.9995637852953938 0.028505791901592036 0.6960359165834421 0.016908352818019234 -0.028371939408245114 0.9994544338070677 11.996702668029704 
0.9998393180525111 0.006819864463433525 -0.01657389451135442 -0.7658478025433142 -0.006313462367241304 0.9995173990671093 0.030416950161617384 0.7444380626481203 0.016773334415725566 -0.030307423148967873 0.9993998828198817 12.849750175254233 
0.9997775953343467 0.009228446312901333 -0.018963641889564436 -0.8188172291942017 -0.00860747435407939 0.9994324440824873 0.032570197955471884 0.7953295876728165 0.019253439550332065 -0.03239971748428524 0.9992895605114086 13.710089474916098 
0.9997143986074656 0.010242634414653985 -0.021593131762959503 -0.8720006615464574 -0.009500829886727723 0.9993705222554706 0.0341807275566766 0.8476339255729501 0.021929641690698744 -0.03396580958324247 0.9991823790544773 14.577408885434087 
0.9996237477329815 0.014050156618088342 -0.0235571366809608 -0.9268352783775623 -0.013195009248861161 0.9992621469460796 0.036071636496212645 0.9061267935738846 0.024046553270797372 -0.03574722659290937 0.9990716052268885 15.455207043583384 
0.9996134490852296 0.015270993902981355 -0.023229952883886667 -0.9814736136151969 -0.014395596260248184 0.9991969327823066 0.037395659750402835 0.9617096794712093 0.023782353045689496 -0.037046788230556266 0.9990305180341393 16.343711024196605 
0.9996544070989964 0.015055484532645899 -0.021547951318194574 -1.0373249646086928 -0.014206854352799647 0.9991378900805479 0.03900863591362503 1.018233880148534 0.02211665261340573 -0.0386890247799541 0.9990066027196871 17.24199818777252 
0.9996811041343926 0.01530021366075796 -0.020088272429006543 -1.0922360471237675 -0.014476580586965935 0.9990737301249264 0.040524650152030044 1.0718632423516838 0.020689686403684484 -0.04022091569539103 0.9989766656368244 18.144968604179617 
0.9996968856721233 0.014870693389358982 -0.01961961437019316 -1.1460164982752736 -0.014042009143687728 0.999030727637568 0.0417196095278345 1.1294842753549286 0.020220984350243165 -0.04143146172213598 0.9989367865824624 19.054609890380604 
0.9996792218427849 0.015187724229609588 -0.02026804556867168 -1.20020014861996 -0.01429540470201938 0.9989526223273768 0.04346718965456519 1.1848845316475953 0.020906980269674677 -0.0431635009041835 0.9988492557131446 19.966343330134528 
0.9996774463502064 0.013554511944511346 -0.021476940675829344 -1.2550979271513072 -0.012586970971856485 0.9989273610392257 0.0445623157062818 1.2409506235639687 0.022057912271295683 -0.044277605260332156 0.9987757924866892 20.881390264384073 
0.9997138178638751 0.013285982991322028 -0.019894236262039983 -1.309410013391575 -0.012372564384939895 0.9988944348762848 0.04535336284637077 1.2964121032960618 0.02047479902575995 -0.045094232407323534 0.998772947135671 21.806922223407614 
0.9997624478185244 0.014830078603871777 -0.01596942574397681 -1.3659762172848122 -0.014092193228093216 0.9988710072303162 0.04536734150380089 1.3560781597927918 0.01662418813464718 -0.045131514432901504 0.9988427448337504 22.73970632860536 
0.9998053828665646 0.015441893287634232 -0.01227297846281835 -1.4233255439836772 -0.014881014140759697 0.998896485832883 0.04454807357887539 1.4131775601724135 0.012947330088981857 -0.04435675626310436 0.9989319311919853 23.673796255079125 
0.9998500888698095 0.014347316612016303 -0.009687885210515787 -1.4763169597097543 -0.013916593640120151 0.9989716546683337 0.04315186790576435 1.4671256229768193 0.010297030627018882 -0.04301056503429285 0.9990215563624124 24.614968344741467 
0.9998652156078979 0.01405178582064922 -0.008490296666528906 -1.5261180730811177 -0.013685841545719307 0.9990355237637725 0.04172255349073672 1.5211609989681043 0.009068381545198274 -0.04160071992276017 0.999093160536121 25.559101808913702 
0.9998360336504588 0.01434871545176094 -0.011048523405592026 -1.5758892635768036 -0.013890040121698718 0.9990818780481472 0.040528307873192004 1.5747625860230503 0.011619904047780941 -0.04036819548612722 0.9991173882116374 26.505568444617527 
0.9997463777309229 0.015516560084771156 -0.01632380531526658 -1.6280729979089008 -0.014860950997577033 0.9991073129452948 0.03954532103647405 1.6289650799646302 0.016922836771535128 -0.039292695211633574 0.9990845092306918 27.45557892956863 
0.9996924938066662 0.014882223515506787 -0.019831691991553907 -1.6818246694366488 -0.014114167735760637 0.99916577498088 0.03832159724297545 1.6806042248324855 0.02038544865581123 -0.03802989526456101 0.9990687311179252 28.412515214516702 
0.9997500343895154 0.012393765753369326 -0.018604634216693103 -1.7376571175104847 -0.011686158770520733 0.9992218140028346 0.03767290662799872 1.730433998975788 0.019057054347475837 -0.037446067651222194 0.9991169515182036 29.379586741119972 
0.9998505430293341 0.010532005608579646 -0.013705669879064486 -1.7917745962291534 -0.010005312586473103 0.9992297594555699 0.03794623730043907 1.7811698847188566 0.014094752192804315 -0.037803431913255484 0.9991857974326821 30.354108394497356 
0.9999277134538925 0.007178782329402243 -0.009646248511618369 -1.8456905591093848 -0.006797488119759304 0.999216277071187 0.038995344697949345 1.8321453123426963 0.009918621977819512 -0.038926940610650815 0.9991929093935229 31.33236857440543 
0.9999498613715136 -0.00044916294359038 -0.010004148523599878 -1.8962746044491483 0.0008516476227129995 0.9991887898322679 0.04026415509066516 1.8750453815530708 0.009977942566678779 -0.04027065062443368 0.9991390487102517 32.31069580769023 
0.99989733756982 -0.0032981067699946014 -0.013945945832738234 -1.9457116725427444 0.003879831767634603 0.9991145782975245 0.0418937188964488 1.9250392090274628 0.01379542592591762 -0.041943517784828264 0.9990247840355997 33.28845263712865 
0.9998288796095909 -0.0022465517883501103 -0.018359186476311774 -2.0001100141020434 0.003040707795356961 0.9990556427439201 0.04334408308156485 1.983200106588367 0.01824445919740894 -0.04339249408401931 0.998891577536017 34.27074469112041 
0.9998054984167827 -0.0015351043798906294 -0.019660799669757235 -2.068880282198397 0.002422767089796213 0.9989748584754214 0.04520514586500613 2.0455337062968355 0.019571242201931547 -0.045243979538237646 0.9987842429865297 35.27971471209487 
0.9998448377146958 -0.0016407395260715407 -0.017537438231522724 -2.161689943092305 0.002451459911624138 0.9989243071708096 0.046307138571053015 2.1125007110532756 0.01744258929247547 -0.04634293653242856 0.9987733549921596 36.33408443220193 
0.9998944987456493 0.001595153496308003 -0.014433909119155234 -2.244742015342149 -0.0009108888135397103 0.9988808199941469 0.04728994705537893 2.183164981541473 0.014493174130782153 -0.04727180297204748 0.9987769811378222 37.37319259339386 
0.9999076039913076 0.001844020152139574 -0.013463845820412644 -2.3277382339215573 -0.0011877426754252707 0.9988180958355466 0.04859014772664513 2.2521173587499685 0.013537526154589242 -0.04856965607068702 0.9987281000458411 38.41419243824086 
0.9999339916585942 0.002657258074336337 -0.011174424642688587 -2.39932958447674 -0.0020999499075700406 0.9987673303561301 0.04959302359742399 2.3194072678066475 0.011292424739605888 -0.049566284012018916 0.9987070778557502 39.444709052674625 
0.9999707371419235 0.0020931569704907504 -0.00734911746969338 -2.470840836240492 -0.0017252786723153015 0.9987621540980125 0.04971235476717544 2.387754071280743 0.007444067228956462 -0.049698218500056915 0.9987366086335521 40.4781076738792 
0.9999518652229069 0.008010608604636114 -0.005658016096794625 -2.531907861945057 -0.007717580223569096 0.9987174490227416 0.0500400829156204 2.4652983753393563 0.0060516070385776 -0.04999400316860241 0.9987311856264679 41.49923143106067 
0.9999496927344811 0.008479927687839107 -0.0053535824848704935 -2.5931753818907923 -0.008202085171298744 0.9987183238979431 0.0499456294435576 2.5384397898790954 0.005770248617418792 -0.04989920242352901 0.9987376832402765 42.51966392533219 
0.9999401237697632 0.00829056923356498 -0.007135115257542561 -2.6489556985641998 -0.007923034916276833 0.9987137133037194 0.05008277426947316 2.607263907102419 0.007541143259073854 -0.050023238690642714 0.9987196627974518 43.528182079510856 
0.9998929210774206 0.01072011111449028 -0.00995703595549083 -2.7092100557196757 -0.010211898030157224 0.9987090032785825 0.049760624671439276 2.68134846324241 0.010477613412792606 -0.04965360863174725 0.9987115755138153 44.531387028349855 
0.9998932483701368 0.010585402936387238 -0.010074484117895218 -2.772983906417572 -0.010061159856512928 0.9986614298660329 0.05073684655606705 2.7486742068741954 0.010598063319763205 -0.050630061126017784 0.9986613216286182 45.53072106770121 
0.9999264876676318 0.008612183958988944 -0.008532614996940574 -2.833544248761438 -0.008156137440435588 0.9986079643399849 0.052112880906334494 2.8136638323038032 0.0089695395908193 -0.0520394531347301 0.998604747851752 46.52854149069092 
0.9999330418721952 0.008790885896365227 -0.007528317424297118 -2.8962127503276927 -0.008379877520478958 0.998560053520764 0.05298822233240426 2.883906125114333 0.00798328690541311 -0.05292157389400275 0.9985668044625646 47.52176490010713 
0.9998845957235099 0.011677642455981348 -0.009714109321569629 -2.9573412858173773 -0.011145219021136096 0.9985234490789259 0.0531671441973912 2.959141959294649 0.010320625695830185 -0.05305273398817986 0.9985384550498433 48.505894807326044 
0.9998084208051107 0.012383563719730746 -0.015154173647861414 -3.016684476968008 -0.0115506780517149 0.9984814151214171 0.053865619888740474 3.0328829143530807 0.015798196045427 -0.05368025916366633 0.9984332639151563 49.48148904123896 
0.9997901080808975 0.012854112509206142 -0.015954169497957485 -3.0743516520396597 -0.011970166077929263 0.9984521404313362 0.05431556224344351 3.1027220745894177 0.016627643576125267 -0.05411318175056737 0.9983963513256838 50.461739604829525 
0.9998434557835988 0.012321122074987891 -0.012695283397045821 -3.1382889635687157 -0.011609933853525807 0.9984382660362907 0.054647221449431176 3.1703403509766037 0.013348763451492043 -0.05449126864843477 0.9984250780209406 51.441095747557284 
0.999909144723327 0.009469883689701548 -0.009588264394780322 -3.1966774583067252 -0.008928111162491113 0.9984436729766678 0.05505136940508841 3.236727675851078 0.010094667350797521 -0.05496076129079157 0.9984374821424683 52.41643525389736 
0.9999281416807386 0.008217208778412444 -0.00872522403838994 -3.2536978280130526 -0.007721750728725223 0.9984358029685008 0.055375197561398984 3.3041633310363676 0.009166598175644991 -0.0553038417521315 0.9984275551924086 53.38506447884641 
0.999940376142464 0.005200558292657255 -0.0095971789186633 -3.3078366695802854 -0.00465881874337036 0.9984405034265272 0.05563185066038093 3.3684865782557205 0.009871524101088762 -0.05558381443680036 0.9984052202708865 54.34676288108995 
0.9999336110046398 0.001880852653455021 -0.01137026101811897 -3.361687329927597 -0.0012383975420407701 0.9984160834632906 0.05624844309067382 3.428751702447255 0.0114580450830255 -0.05623061346661062 0.9983521053671522 55.30909908683207 
0.9999451491388112 0.0004300594134652334 -0.010463458391381622 -3.414683654719757 0.00017235585688575271 0.9983453067576389 0.05750466225609884 3.4939632528152225 0.010470868973723476 -0.057503297868056476 0.9982904439326917 56.2664608130776 
0.999977608212988 -0.0025595127041886222 -0.006173754088874882 -3.464789159369425 0.0029178013812590498 0.9982689889914974 0.058741933933388536 3.5576262411732613 0.006012707471232517 -0.05875863009473318 0.9982542026215053 57.2276408616643 
0.9999899149956759 -0.004434704100289775 -0.000621630861660916 -3.509094854377868 0.004463778368566364 0.9982268496458583 0.059358105929252086 3.628335598871613 0.00035728649193260046 -0.05936028020278883 0.998236635182999 58.18840491889196 
0.9999946125040107 -0.002973522831214529 0.001376940727478292 -3.5538361671813146 0.002885712618007628 0.9982005269460562 0.05989527116789741 3.704038977545806 -0.0015525659137216065 -0.05989096017676643 0.998203760370935 59.13880231301871 
0.9999986692472498 -0.0013156958756899465 -0.0009302752204824309 -3.601220895164754 0.0013702728624179034 0.9981164954313408 0.06133287749907604 3.7752223773061178 0.0008478261002752759 -0.061334067428011965 0.9981169351334707 60.078375322994006 
0.9999554303519659 0.0003821176041765393 -0.009436340583830237 -3.6494388008135283 0.00021027972981553747 0.9980325841840819 0.06269778872913065 3.841014360885028 0.00944172965284355 -0.06269696519632137 0.9979879852628776 61.00153013530264 
0.9998844346782423 0.001563681376335242 -0.015123444240956008 -3.7015644141672954 -0.000597156302312223 0.9979687085139342 0.06370363882642988 3.905690249418854 0.015192337837714016 -0.06368723013511257 0.9978543565932175 61.91492771917084 
0.9998736715012547 0.006739821489354869 -0.014394242136315115 -3.7549344321334797 -0.005792799222650561 0.9978782910030595 0.06484929853797633 3.981665387830897 0.014800762803883177 -0.06475771076323114 0.997791337273861 62.82403642982573 
0.9998848759866612 0.00988664122567349 -0.011509441788362381 -3.812982177217176 -0.009110516395599816 0.9978020032790031 0.06563678925999417 4.05264939324864 0.012133070176483516 -0.0655243745827526 0.9977772205104981 63.72114454072393 
0.9998728814323742 0.012593122111091828 -0.009780921876633684 -3.869926725416886 -0.01191085696926632 0.997686524583028 0.06693137424939935 4.124311580454513 0.010601164524718125 -0.0668063491551137 0.9977096937534634 64.6024483472959 
0.9998612790095358 0.01278495437883491 -0.01067418036089113 -3.921768524121126 -0.012028454087807207 0.9976021635947492 0.06815645467602598 4.192782862744598 0.011519961263786845 -0.0680185994254498 0.9976175571553058 65.46992365582862 
0.9998499111650337 0.014279714764196528 -0.009808380445513302 -3.972343231722836 -0.01356150403638107 0.9974722834168146 0.06975116354705772 4.2640803611171565 0.010779610461682984 -0.06960766819062926 0.9975162051672634 66.32356591181065 
0.9998355418516359 0.015640202112710836 -0.009173924414358074 -4.024442915522289 -0.014948009506336435 0.9973498872730406 0.07120271978096117 4.334714811019219 0.010263227501985947 -0.0710538695663988 0.9974197706144678 67.1651657362273 
0.9998478362647244 0.015411120976939375 -0.008171995899526911 -4.074306710570606 -0.014775612859528466 0.9972351455111629 0.07282744062044227 4.4029590811593176 0.00927174882045029 -0.07269559507438757 0.9973111179523649 67.9926646551382 
0.9998595114573864 0.015007415811069019 -0.00745584287155668 -4.121256179348971 -0.014412530537422214 0.9971327591558179 0.07428740854908623 4.470493502761151 0.008549320459744972 -0.07416950616857261 0.9972090291048599 68.80815336570885 
0.9998377273407335 0.01723305196308161 -0.005253023955160836 -4.167458757092232 -0.01678678413155596 0.996995739664229 0.07561623049338066 4.541466989732916 0.006540337150475486 -0.07551576909682091 0.9971232327039743 69.61136979916135 
0.9998229336972203 0.018804744958126736 -0.000600458223231002 -4.210492099570279 -0.018703286699281965 0.9968780683573789 0.07670968816212627 4.613161873532859 0.0020410860273419942 -0.07668486968344439 0.9970532976468874 70.4042776074197 
0.999773549815349 0.021248246761307515 0.0011188077450475149 -4.25728379468191 -0.021270502569446813 0.9966874555786089 0.07849741013638521 4.679435551599086 0.0005528287386331472 -0.07850341899714039 0.9969136942929128 71.17952285389663 
0.9996956484369016 0.02457809303337809 -0.0021240470192334894 -4.304362846834666 -0.024329562811193188 0.9964992769411218 0.07998342326220297 4.751428595956622 0.004082448194421987 -0.0799073863918116 0.996793974296103 71.93101334447279 
0.9996223610934041 0.025719474962255507 -0.009675558006548762 -4.351824032432639 -0.024849702294745306 0.9963839039105353 0.08125130344255528 4.8191279920118335 0.011730303036971354 -0.0809801736293029 0.9966467346552734 72.65982198693365 
0.999567835502533 0.025038637127465492 -0.015402319354103057 -4.39444525006814 -0.02367894941106634 0.9962773141104828 0.08289104987290001 4.8855171791961585 0.017420452192369786 -0.08249050737081312 0.9964396500256538 73.37105266256064 
0.9995089202514013 0.025946699791733936 -0.017565850447531436 -4.439844317219252 -0.024397933978487902 0.9962276075196831 0.08327907116522276 4.952921741516737 0.019660393744361574 -0.08280960110213237 0.9963714718605797 74.06445144387239 
0.9995034148545651 0.02815251840671282 -0.014155607110190455 -4.488921414359659 -0.02686782773637261 0.9961072454529999 0.08395528362225647 5.021393084939019 0.01646404851187058 -0.08353324230002218 0.996369039323235 74.73943044754557 
0.9995168259068867 0.02918535417884144 -0.010688619521958587 -4.542360905908776 -0.028170993177752228 0.9959684538473078 0.08516657832192243 5.085192553687092 0.013131137794572562 -0.0848243096625463 0.9963094198702407 75.39419477642225 
0.9995575865584424 0.026330350763433458 -0.013832629498336276 -4.590201257656469 -0.025036098540534506 0.9959273869943667 0.08661346941570723 5.141276491577554 0.016056857496397847 -0.08622881763290545 0.9961460260559336 76.02358496169627 
0.9996472980224544 0.018845185316388097 -0.01870907136459833 -4.6356535988935 -0.01715109920772998 0.996068349145096 0.08691224297560016 5.188416913216525 0.02027337680597163 -0.08656069895417615 0.9960403524324849 76.63398408201411 
0.9995937989712799 0.014677911052663046 -0.024430395248457543 -4.683067317758667 -0.012520398173485318 0.996196160919619 0.08623514023643847 5.238029412383094 0.025603210006588453 -0.0858942163191666 0.9959752397037233 77.22643460764935 
0.9995566458173049 0.016244578888263778 -0.02495241840649326 -4.728101937004737 -0.014115852566564249 0.9964297867935201 0.08323803981844173 5.2930534903259145 0.026215490256859167 -0.08284889814606877 0.9962172670077429 77.8065385903375 
0.999533763987585 0.02140842077020352 -0.02176883948223551 -4.773077326889025 -0.01962253816337938 0.9966671335977058 0.07918078368624609 5.34876709922077 0.023391411962491834 -0.07871669761157091 0.9966226020727946 78.37493366439844 
0.9996277111928213 0.019911235070942657 -0.01865374206158497 -4.814131281042077 -0.018465460631025395 0.997034469669142 0.07470918687521952 5.3914203438614 0.02008596448583323 -0.07433690845859228 0.9970309188374289 78.9291027071183 
0.9997809142664429 0.014930496768519586 -0.014670749561419503 -4.8559428723150875 -0.013874985652487019 0.9974793246064023 0.06958862114652106 5.418685953196853 0.015672750647675097 -0.0693698139682343 0.9974679608713805 79.47127148887257 
0.9998971424171337 0.010071042209025013 -0.010210110854702293 -4.897626057657051 -0.009419499244464084 0.9980336601301097 0.061968886117329175 5.443508218577241 0.010814119708853315 -0.06186632453425256 0.9980258972538167 80.00150096384394 
0.9998623716681374 0.012528990281905959 -0.010870927507611148 -4.934344148161096 -0.01195389914154698 0.9986042983700696 0.051444880645374 5.470083361687273 0.011500298708011236 -0.05130784302538487 0.9986167298218296 80.51231574561153 
0.9997833383312088 0.017556486506486644 -0.011183491765583907 -4.969241888631697 -0.017138634267695695 0.9991895655597178 0.03642224605361443 5.498805783312065 0.011813871983808347 -0.03622268139880514 0.9992739960348004 81.0126033334594 
0.9997020994035208 0.022007005396370773 -0.010553122532741129 -5.002259271232061 -0.021809647033765592 0.999591656827073 0.018465583649351625 5.514181822466058 0.010955181979374607 -0.01822991742303522 0.9997738437457294 81.49977029659982 
0.9997540640023518 0.01979336939520862 -0.01000107764574559 -5.032112791763348 -0.019824813035343683 0.9997988615463499 -0.003054982094279462 5.503335707633951 0.009938591465166072 0.003252499622291879 0.9999453744460587 81.97386479519832 
0.9998455472916863 0.015184329848419671 -0.008849690349914112 -5.063031537501938 -0.015429258574495687 0.9994804512652479 -0.028299173255968358 5.474916407512167 0.008415381762635989 0.028431341675035776 0.999560401400388 82.4328782708205 
0.9998930269886865 0.012827015728019444 -0.007024963370821187 -5.092768933965676 -0.013208094264099158 0.9982757819274719 -0.05719419656826651 5.4320129781227955 0.006279214813946652 0.057280856167493885 0.9983383909199219 82.88567263416442 
0.9999216479754401 0.011403136453609979 -0.005167819877372516 -5.121160871924316 -0.011820465773147286 0.9959069966851479 -0.08960814485561198 5.375106176784188 0.004124851015966531 0.08966218880384536 0.9959637549390415 83.33217662372778 
0.9999410598163793 0.01010889797472059 -0.0039582720318600256 -5.147310959792185 -0.010526745767676662 0.9919929537261584 -0.12585451046784682 5.299973898099719 0.0026543222523367567 0.1258886902512184 0.9920408856658416 83.76350408148447 
0.999953873955815 0.008929027956288365 -0.003529120392553483 -5.171198078317841 -0.009392224022339819 0.985980126539677 -0.16659838158013107 5.205942204059437 0.0019920737126356146 0.16662384710527225 0.986018598111785 84.19230354920298 
0.9999695072938736 0.007253840880984032 -0.0028882716224605896 -5.19637833212391 -0.007699674611303536 0.9775031718075616 -0.21078032955348883 5.089279947713737 0.001294322270112864 0.21079618425719607 0.9775292186577278 84.60843378372181 
0.9999648838040015 0.0074843352483105535 -0.0037625957731180102 -5.223875020797665 -0.008202069333000345 0.9660575553289861 -0.2581966764117768 4.9535223814678 0.0017024495703769078 0.258218473390873 0.9660850574839728 84.99873812568222 
0.9999670871168009 0.005920151782417957 -0.005535439259146273 -5.250083884591677 -0.007344566653254754 0.9507078978846419 -0.310000980542689 4.792166411254415 0.0034273185564974947 0.3100314271467151 0.9507202100803794 85.38314366049492 
0.9999737050515901 0.0035045045801520096 -0.006342578288276667 -5.271177301149822 -0.005573451187864266 0.9313365915282193 -0.36411705562202257 4.609489087624278 0.004631018338018439 0.36414270708066476 0.9313316965635672 85.73630934255193 
0.9999754132793384 0.0014685018566896453 -0.0068590299294295 -5.288690668339935 -0.004212844874740116 0.9075695422487142 -0.4198808326540784 4.403355497683013 0.0056084445825477875 0.41989932497728305 0.9075533352380554 86.0839264238179 
0.9999706950920674 -0.0013150402864983263 -0.0075401929696926355 -5.305291577421148 -0.0024342701356915896 0.879339049366189 -0.476190154646524 4.177057131009272 0.007256589464372866 0.47619451036830435 0.8793100434830132 86.41115727126022 
0.9999480441989277 -0.0065396361767707245 -0.007813666282380803 -5.321681057431023 0.0013834042265570147 0.8468912363174288 -0.5317645866471369 3.929118781480728 0.01009485898588592 0.5317260235460382 0.8468563041748496 86.69868445774867 
0.999928660266934 -0.00978313560391348 -0.006850806956360106 -5.342324814825442 0.003926912918068117 0.8110233525715091 -0.5850006830543977 3.665306102739383 0.011279296232223695 0.5849319602059069 0.8110039682642859 86.98345181984709 
0.9999097528864608 -0.012929989012204034 -0.0036468837580244996 -5.359873871681867 0.007667635495039913 0.7721647451581163 -0.6353762054130494 3.386921048493787 0.011031389776734733 0.6352908612244904 0.7721941791718873 87.23432187194477 
0.9999104173679417 -0.013365528055500467 0.0007058714384397653 -5.3730623857382405 0.010247398358790663 0.7305768358190985 -0.6827537445446964 3.0887226742996523 0.008609663485546573 0.6826996583885419 0.7306483198726706 87.48496580966545 
0.9998701608254423 -0.015707512150545146 0.003593476925866191 -5.384180612151767 0.01340117370159784 0.6868036705334296 -0.726719542978875 2.778328757283932 0.008946935063580951 0.7266732018328242 0.686925037322861 87.71254360769565 
0.9997845577691765 -0.02022727432197872 0.004652760696315035 -5.39295235043384 0.016546558536920507 0.6414252721569987 -0.7670071601921157 2.451939470313772 0.012530053380173113 0.7669188062712406 0.6416218342157017 87.901868923811 
0.9995990099379153 -0.027660466036782273 0.006061085041388731 -5.403123588209776 0.021357543895417247 0.5959179866273759 -0.8027613662268999 2.115991384461474 0.018592846483985823 0.8025687169919398 0.5962697630238513 88.08276504881981 
0.999593722652655 -0.027481926945741187 0.007552705632891151 -5.415140197084103 0.021439626544136142 0.5504520748901448 -0.8345915514183271 1.7786342982795942 0.018778765151175894 0.8344143652301668 0.5508176574999825 88.23955185266583 
0.9996747861323748 -0.02378750540009639 0.009188299114867831 -5.4248568992539425 0.019935353098699055 0.5043314254576858 -0.8632801344412998 1.4325475544305042 0.015901320644680854 0.8631824636679848 0.5046416388422759 88.3996107088021 
0.9996755988832097 -0.023525578615286633 0.009756872997805517 -5.433773084218154 0.019491487610340474 0.46011708403397505 -0.8876443967040282 1.0773618164237733 0.01639303538252046 0.8875464777860037 0.46042636309411056 88.54042473803469 
0.999481290987543 -0.030341099153512442 0.01079019220979165 -5.4394917479293765 0.022509288765856065 0.41861949470081894 -0.9078827988757029 0.7154129574740318 0.023029163965788517 0.9076547305315094 0.4190853561704237 88.64768247227082 
0.9988102079314071 -0.046296674965272545 0.015318867409674706 -5.440700928114886 0.03180264224656349 0.3802673034015792 -0.9243298100005434 0.33686917035862063 0.036968122114726706 0.9237170707444796 0.38128732669677023 88.74022457933027 
0.998454240630976 -0.05201790918815422 0.019573793333387435 -5.443649057075361 0.036393118844457166 0.34572484883820986 -0.9376300227488883 -0.03873490550349068 0.042006386200717886 0.936892934933673 0.3470835451166344 88.83177668060455 
0.998553625697259 -0.050303816367410256 0.018977573291999297 -5.450694605941668 0.033825878837076384 0.3134377887192718 -0.9490062293672158 -0.41334175474299206 0.04179032767951241 0.948275392565175 0.3146860169343799 88.92570003079598 
0.9991079830566463 -0.03891773000813823 0.016387642091355358 -5.465904809253023 0.026748071708018167 0.28296729755379446 -0.9587566161740092 -0.7879827947448255 0.032675450785475214 0.9583396282033072 0.2837558476830005 89.0291783626968 
0.9993367856396667 -0.03324867580665701 0.014844971700633194 -5.483129250647309 0.022837616320182733 0.2547900990334295 -0.9667267736899794 -1.1720120970225327 0.028360023962034502 0.9664246216321211 0.255380440801588 89.11595279203168 
0.9993108476921709 -0.034384732251704075 0.013981011158476189 -5.495062878162948 0.02151097444124172 0.22951046959493443 -0.973068589013798 -1.5707707732112932 0.030249909781916013 0.9726986110075054 0.23009200565780805 89.18355789415826 
0.9990786719131972 -0.0408376447400557 0.013193272387705708 -5.50257197055426 0.021349520234714352 0.2062644525081664 -0.9782634682005562 -1.9790523772999193 0.037228661637872584 0.9776436763459909 0.20694629619325952 89.23672823826938 
0.9987508305155129 -0.04951451925316921 0.006712675975520746 -5.495583977054979 0.015839947630666252 0.1863268560226086 -0.9823602058818244 -2.4009053043319093 0.04739032307412642 0.9812392842180282 0.18687843206073101 89.2803631079593 
0.9986497559673785 -0.051947119604211264 -0.00043874477857348647 -5.491466747214021 0.008246634818590406 0.16686337394705986 -0.9859456737311109 -2.827640756942162 0.051290229275621255 0.9846106148474398 0.1670664867138597 89.3286373393668 
0.9987759165062131 -0.049463387506414845 -0.00014891120889304354 -5.500041014995139 0.007246351626790254 0.14929625257164678 -0.9887660945529682 -3.2749248465321243 0.0489299430118636 0.9875544748360432 0.1494719457982513 89.3834157899178 
0.9988877713271983 -0.04673588627287757 0.006237219952162208 -5.51694926018441 0.012454865956430377 0.13395438636299808 -0.9909093436794116 -3.7410600075287728 0.045475507318643006 0.9898848202059443 0.1343875556704709 89.4332646767629 
0.9988432877064329 -0.04683887727997446 0.010872587277682274 -5.5331485081481135 0.016403966028108796 0.11937969651714661 -0.9927133116944866 -4.215422146332182 0.045199590323290746 0.9917431639712143 0.12001002768819811 89.47004897650271 
0.9986951803791173 -0.049174009080021175 0.013777146116228708 -5.546206155452461 0.01893374212619788 0.10599016961411524 -0.9941870756524046 -4.702698655905714 0.047427907847316285 0.9931504506267853 0.10678296058238482 89.49867846634635 
0.9984759379496198 -0.05303831252762345 0.015256025704408146 -5.5552891644306275 0.020207926047484247 0.09411964788766777 -0.995355919684345 -5.200729216434 0.05135608307683314 0.9941470856895437 0.09504800355044982 89.51990239146731 
0.9982977820339011 -0.05633503708398033 0.015094999260403747 -5.565261813167306 0.019791255280906677 0.08375898573329767 -0.9962896446449686 -5.715575545077477 0.05486165033282366 0.9948923207622123 0.08473136058018577 89.53898023773435 
0.9981750135829836 -0.058514253033962446 0.01492049558637966 -5.575904457877835 0.019317531333414437 0.07531405501869423 -0.9969728272806196 -6.245918219896034 0.05721337598170664 0.9954415368211511 0.07630696889774115 89.55774499632949 
0.9980690315999677 -0.06026857854055537 0.015030568022245356 -5.585263961819664 0.019204485584905503 0.06928519855693988 -0.9974121394567179 -6.791925219783776 0.05907119907940523 0.9957746192452518 0.07030884673758196 89.57586856209123 
0.9979911392518775 -0.06173390400288003 0.014234826740801908 -5.592543027741009 0.018158527724297126 0.06347013297528784 -0.9978186802598407 -7.3557899741705866 0.06069573918995528 0.9960724309389111 0.06446362408088292 89.59445902394984 
0.9979747253529755 -0.062110886814843766 0.013734093009285686 -5.598626631597001 0.017295260230062177 0.057166190940450695 -0.9982149756435696 -7.9398151712567495 0.06121487273094664 0.9964307393322435 0.058124639381155814 89.61274464986641 
0.9978183584824186 -0.06451542991452135 0.014008023935368132 -5.60694348529771 0.017410693820597296 0.05248527449159478 -0.9984700681654197 -8.543005831245893 0.06368149153535174 0.9965355220627399 0.05349403223008734 89.62842592752335 
0.997702706524181 -0.06619590496737648 0.014402582053618109 -5.613997484903775 0.017668355751866746 0.04901721811088454 -0.9986418043741101 -9.162557570358187 0.06540000360082406 0.9966018669645403 0.05007419022132151 89.6366261211092 
0.9976226143955528 -0.06725689004324777 0.01501865315696602 -5.622728851989345 0.018106501279620348 0.04553934356543765 -0.9987985881995742 -9.802369748235455 0.06649212643138487 0.9966958684220201 0.04664886654829322 89.64751110244117 
0.9975079157555077 -0.0687544799612717 0.01583505939666098 -5.630434393303765 0.018775788415926184 0.042337944129068585 -0.9989270800603396 -10.45745171135012 0.06801026533457705 0.9967348313085272 0.04352335430578517 89.6525314875241 
0.9971725071164562 -0.07339629465033184 0.016120993749497037 -5.638080534224475 0.019170810106465694 0.04103956322743059 -0.9989737635124055 -11.131469993534692 0.07265934608540339 0.9964580252017369 0.04233059371325017 89.65646068281538 
0.9968685350713727 -0.07737456542515758 0.01631463687854065 -5.644321041353216 0.019545462018358654 0.04118366569384701 -0.9989605204675241 -11.81791017388863 0.07662221502798369 0.9961511035865482 0.042567033303705704 89.65734719699671 
0.9967229985697796 -0.07924295053813539 0.016239102626887984 -5.652202945861371 0.019692084727075333 0.04298940921087692 -0.9988815340326942 -12.525323056458173 0.07845618734710334 0.9959279192256513 0.044408996467304014 89.66680594060726 
0.9965353976580074 -0.08169292359529468 0.015599759221600307 -5.66151400141346 0.019419915708903782 0.04617847116887641 -0.9987445637381189 -13.248514616757653 0.08086996231872969 0.9955871712837874 0.04760495573533559 89.6805398005643 
0.9964720941756688 -0.082508389774499 0.015349850506447155 -5.671392315878395 0.01951446221320046 0.04990775911940163 -0.9985633032257004 -13.987549507891549 0.08162374631242479 0.995339863053374 0.05134180163909162 89.6967531227844 
0.9963278101622777 -0.08395833350404933 0.016785939696586205 -5.685990956788639 0.02134420575246506 0.05369235195679299 -0.9983295530171642 -14.746436522118962 0.08291678557844019 0.9950215888818027 0.055287213201592314 89.7230972704548 
0.9963116587322552 -0.0839180638868775 0.017909843105492283 -5.701343112155869 0.022790398826622708 0.05756622056274327 -0.9980816214685362 -15.517718591414116 0.08272604640723064 0.9948083856410131 0.05926642642065489 89.75459908154264 
0.9965008763370202 -0.08119420897528593 0.019835888086355582 -5.7150092425228145 0.024878887968981658 0.061577424444227244 -0.9977922824993252 -16.304768467731108 0.07979348370471613 0.9947943092026162 0.06338198534858645 89.7955693779764 
0.9965650989083991 -0.08020599616359246 0.020613436923325866 -5.728077384084827 0.02591005300494823 0.06556740605083014 -0.9975118463075502 -17.099042401526216 0.07865483453257646 0.9946194591085777 0.06742034157518241 89.8385732096987 
0.9967813572514438 -0.07774150674819284 0.019573678817210668 -5.744035858733613 0.025008707064036854 0.06956481688805999 -0.997264011182823 -17.90081131897124 0.0761671525470159 0.994543533713607 0.07128513279109823 89.88723154186822 
0.9970000111291806 -0.07572096007589206 0.01604175329727106 -5.763892713642008 0.021578680449821145 0.07288061797837588 -0.9971072903413314 -18.704143723247128 0.07433276796145528 0.9944620208842231 0.07429593813905061 89.93925814572488 
0.9974845922266652 -0.07016497304441742 0.010067719932061488 -5.7848673479168475 0.015276621134412565 0.07410141600977954 -0.9971338421065281 -19.51210997930811 0.06921782333782822 0.9947792153993297 0.07498690911058567 89.99665823952316 
0.9976887073536373 -0.06756465181139731 0.007223711508956645 -5.804795666025766 0.012211769828079195 0.073707254765077 -0.9972053061423826 -20.325837105813502 0.06684336332620511 0.9949884863987107 0.07436198518063904 90.04877317232338 
0.9978494023952423 -0.06513970853811532 0.007308963119900432 -5.8326530839616195 0.012119333279118823 0.07376061023774581 -0.9972024636469266 -21.143666748013892 0.06441834557146951 0.9951462615094359 0.07439142467596674 90.10093538355257 
0.9980047788323932 -0.062316377619883984 0.01015390655063565 -5.8631422025375555 0.014740950993716178 0.07359646536799139 -0.9971792686423241 -21.96205495948795 0.06139329217323108 0.9953391613275533 0.07436823310684634 90.15372002382384 
0.9979433306033293 -0.0632007423073288 0.01071341754035531 -5.891296814691289 0.015356533673713998 0.07344419076510483 -0.9971812677753669 -22.7793878949 0.06223573770085169 0.9952947061999882 0.07426368592437993 90.2010238596285 
0.9980713670365264 -0.060910295396388245 0.011977487924534734 -5.9201912673407 0.016458093621476974 0.07359953673494286 -0.9971522167864123 -23.596943540326066 0.059855276052902945 0.9954260268409622 0.07446006354417699 90.24957446721105 
0.998172096645249 -0.05921506545439593 0.012082862362540659 -5.9523218200523615 0.016416321886672042 0.07325047266369517 -0.9971786269676466 -24.41245368465885 0.05816290245383493 0.9955540456762576 0.07408867797410588 90.2955143448243 
0.9983266758761014 -0.056689431966955584 0.011405316373325848 -5.981097023051602 0.015554500979535152 0.07329780624532281 -0.9971888722999136 -25.224484543265156 0.055694072468615775 0.9956975680776193 0.07405693516737522 90.34568279381207 
0.9985028517847709 -0.05369303227018892 0.010446871199503856 -6.009311669838348 0.01430263647158783 0.07193626578584202 -0.9973068494155775 -26.0351763245582 0.05279690767910891 0.9959628898099803 0.07259651958318505 90.39472905180456 
0.9986506830518779 -0.050808220309231926 0.01074088244830678 -6.037742611739428 0.014247378224485156 0.06916354099152765 -0.9975037649925176 -26.846840474389936 0.049938489588883986 0.996310637784297 0.06979410283765715 90.44352102186413 
0.9987622776060947 -0.04814698483968168 0.012478680901233082 -6.065933912989642 0.015609912211560042 0.06521674456655124 -0.9977491824292585 -27.657178453934097 0.04722477656310303 0.9967088754322496 0.06588759432088165 90.4874045606443 
0.9988221099609875 -0.04600536429035533 0.015420322432084613 -6.094853285621074 0.0181838808124617 0.06026950523283112 -0.9980166174425905 -28.469690950481162 0.04498473328585577 0.9971213680545803 0.06103508081291506 90.52798774140244 
0.9988713534104218 -0.043836300103801754 0.018285988947549934 -6.121836044244366 0.020645243288397556 0.05398518323115519 -0.9983283802691089 -29.28198619798906 0.04277583796794194 0.9975789772555235 0.054829268743265124 90.56110540042518 
0.9988893207566055 -0.04321830683190208 0.018768398439600414 -6.1470554847726815 0.02077464759465151 0.046449757136541335 -0.9987047414994348 -30.08940865036294 0.042290520938302816 0.9979852427272204 0.04729601673898127 90.58434446553343 
0.9989257764092098 -0.042584644106178814 0.018272316608812275 -6.170009550995064 0.0198785642315535 0.037605510374347985 -0.9990950668439481 -30.891626543190036 0.041858947378171224 0.9983848709111889 0.03841163696344912 90.60043579931302 
